 -7.6958823229325868e-001  1.0667112900715114e-001
 -1.2361228754851334e+000 -7.9222709468599894e-001
 -5.0214706633727950e-002  4.5925017965948373e-001
 -3.8866400217348412e-001 -2.7396822756177874e-001
 -3.1194511097104349e-001 -2.3467318332418091e-001
  2.2136469959572322e-001  6.6011454752857968e-001
 -2.9732498505964899e-001  3.0448312165169050e-002
 -1.6971947260454425e+000 -6.9350279080841293e-001
 -5.9870929029736886e-001 -5.5857147187472977e-001
 -5.2334681166321995e-001 -3.9402268418266456e-001
 -1.7158288445214696e+000 -3.3148715884106594e-001
  8.8567785614734740e-001  6.5390903154930413e-001
 -2.1666453720745258e+000 -6.2799222729481396e-001
  4.2212688051616465e-001 -9.9247666360934267e-002
 -2.9480909682867668e-001  6.5273849741916232e-002
 -3.6425132690900475e-001  1.9831370377649360e-001
  6.4765601097297609e-001  1.0668385836863914e-003
 -3.0353220845782763e-001  5.7026398109310239e-001
 -2.2683793309316425e-001 -2.3498590160188812e-001
 -8.7158083425228550e-001  1.5017309434304033e-001
  1.1257595007261252e+000  7.8147873933304723e-001
  9.9161878882812682e-001  3.2343558341912498e-001
  6.8643725422196744e-001  1.6713212737737260e-001
  5.3125429207574781e-001  5.5898165915349773e-001
  7.2643704244358320e-001 -6.0860759374512152e-001
  6.9425386430659131e-001  2.2373780489757752e-001
  3.9410062061747186e-001  1.4991347733910590e-001
  6.3162413596695421e-001  3.5702014939425986e-001
 -7.0910338979285426e-001 -6.1822467009080151e-001
  2.9346660421064555e-002 -6.3741953767112058e-001
  5.5037690789582816e-001 -1.0439443531007704e+000
 -7.2548263040669669e-001  3.2152183415144225e-002
  7.6437211186718037e-004  4.9423387836928756e-001
 -1.8751131326259532e-001 -2.5987114536328676e-001
  1.2414242365338588e+000  1.4627718689167843e+000
  4.7248829125316832e-001 -1.5198534994844329e-001
  1.0944724100403880e+000 -2.7256299105600779e-001
  6.2267009049154443e-001  1.2003837036467445e-001
  1.0092338098138851e+000  3.5124693638368609e-001
 -9.4497234037902236e-002  2.8434393528274138e-001
  1.1515280854568193e-001  9.0013246374400668e-002
 -6.2815699031271832e-001 -5.3838226799838362e-001
  3.8757246477053936e-001 -5.8166511168841617e-001
  3.0742728579109873e+000  6.5342538030676822e-001
  9.7586361570102448e-002 -5.9567007706073460e-001
 -4.5594639121884335e-002  3.1791439869037280e-001
  8.5825567660559721e-001  2.0998858135175627e-001
 -1.5636187488227473e+000 -1.3182395671711042e+000
  1.1282283544790210e+000  5.0600503344073933e-001
 -8.4757170600639742e-001 -6.7697200892487153e-001
  5.6750716241982890e-001  7.8907287519941993e-001
  2.7659692106440303e-001  1.0689914383350514e-001
 -6.7025241976541486e-002  8.4940308030176048e-002
 -7.1727823183938832e-001 -5.7600601063936474e-001
  4.1731171998116467e-001  3.6486974165672892e-001
  1.1245599083730968e+000  3.6711028134063495e-001
  6.8264324064135751e-001  3.0385319673688893e-001
  1.3960916538605679e+000  2.7205978969431893e-001
 -1.3885891501586882e+000 -1.2174298871980238e-001
  1.9262480727716746e-002 -1.1120059337280384e+000
 -1.3503534804418378e+000 -3.2918177061039611e-001
  1.1463550104280684e-001  5.1473923860670878e-001
  5.4163175423328080e-001  7.5115092660485924e-002
 -7.6766586324073649e-001  3.4634329873503678e-002
  1.2828250809724400e+000  1.1195731507856749e-001
 -4.7485637816336468e-001 -6.3293735182861688e-002
  6.2343104639320424e-001 -8.0582523672176248e-002
 -3.4769736806278428e-001  4.2040755734325735e-001
 -7.5832411902165875e-001 -1.2142374050493288e-002
 -7.3716512175933135e-001  4.0937932191666998e-001
 -1.4510357618704337e+000 -4.5444751071463552e-001
  1.5207537382798246e+000  4.2904721632376680e-001
 -2.4472372314075170e+000 -5.9059720718230979e-001
 -1.2900464071356523e+000  2.7672208186693220e-001
 -1.9845737901239606e+000 -1.6906754801624122e+000
 -1.3429468141146552e+000 -1.1711775852531010e+000
 -2.7918386772562522e+000 -2.5705236964266864e-001
  6.0218634030997420e-001  1.0483824331204923e+000
  4.0442704573916403e-002 -8.1706343092664571e-002
 -1.0309176735814911e+000  3.1111994960463241e-001
 -1.3009755837775767e+000  6.0421481817781997e-001
 -1.3179790335575041e+000 -3.0846408932596781e-001
 -2.7845543963632280e-001 -2.9228533770858228e-001
 -2.0220929910073910e+000 -8.2530566308189401e-001
  4.0672984270457813e-001  4.6456554628764302e-003
 -8.9826051377041388e-002  3.3905053486882691e-001
 -3.4226242061807177e-001 -1.8087909105338157e-001
  6.5222576962772827e-001  1.1292800627390487e+000
  3.4574487869943110e-001 -5.1938020447996017e-002
 -3.4468569021367873e-001 -4.3145214152794920e-001
  3.0785946228577256e-002  2.5876604260159736e-001
 -1.3334785538659494e-001  6.7828653215821127e-002
 -6.2603734785133702e-001  2.4144959272441202e-002
  1.1114397332933166e+000 -6.2610277124651170e-001
  1.2021662591967763e+000  2.9191008621400544e-001
  7.2381856812098494e-002 -8.1851237054170944e-001
 -1.0267475714006169e+000 -2.2309138093132791e-001
 -1.1729704877074805e+000 -1.3291159356051407e-003
  2.5100421713999505e-001  6.1585228270323489e-001
 -2.6462220919705942e-001  2.6566650828597249e-001
 -8.1319077393951367e-001 -2.2125035092278755e-002
  1.3201678296148192e-001  3.9495518355440146e-001
 -1.1846516949479526e+000 -3.8136097674259678e-001
  3.4042055432279872e-001  8.4482602612746288e-002
 -1.5920934180916826e+000 -1.0000247140546037e-002
 -2.4537633356777162e+000 -2.3787292664397192e-001
 -2.0812057800449218e-001 -2.7819768673703932e-001
 -9.8192988424667837e-001 -1.1181960108525899e+000
  1.5311191174875418e+000 -5.9251326086327727e-001
  1.3726697009674298e+000 -3.3175800297761493e-001
 -6.1211790686187373e-001 -6.4192589275933476e-001
 -9.6673702254630545e-001 -8.5126101096476087e-002
 -2.1639539940084401e-001 -4.2045359010094696e-001
 -3.1608246173205573e-001 -1.3392986998136081e-001
  1.3853174279689016e+000  5.8487143622718063e-001
 -3.4829532473536506e-001 -7.3973021411929429e-001
  1.2055109807777342e+000 -2.7980121533369595e-002
  1.2372434827000338e+000  2.7763233259286424e-002
  2.5197235388740844e+000  3.8849099119969055e-001
 -3.7945013546394757e-001 -3.1512441171062056e-001
 -4.7526854086000780e-001  2.1815038980705534e-001
  1.6757253473278608e+000  2.7016515592414875e-001
 -7.3836900204565992e-001  9.6662342832211284e-002
 -1.8155029699210969e+000 -3.8869346443255937e-001
  8.6728317081345596e-002  1.1393788780836026e-001
  5.0025750546134473e-001  5.9689323208137424e-001
 -3.6298083025264005e-001  8.7185066381068754e-001
 -3.5069204820857619e-001  5.6720875528343395e-001
 -1.3629099291458922e+000 -1.1347684703861796e+000
  1.7228039305393588e+000  7.5967730001687883e-001
  2.0137215132506844e-001 -5.1096420704795176e-001
 -5.4768679218139094e-001 -1.0857686660466994e+000
  4.0181236392556602e-001 -4.3427279432405264e-001
  8.3439500879587358e-001 -7.4955926815905483e-001
 -1.0482967118777682e+000 -8.3290435410692742e-001
  2.2526321008823424e-001  6.8819576897293588e-001
 -4.8236972956493573e-001 -3.6306470801724400e-001
  1.6507153495228331e+000  1.7236757294883991e+000
  1.5892575079892574e-001  2.2677260784353004e-001
 -1.1246853807675141e+000  1.2268374285239064e-001
 -1.1106347675183077e-001 -1.0022185853183113e-001
  4.4905097875767813e-001  6.5963989959859359e-003
  2.1005833756565861e+000  2.7119069390640893e-001
  3.9567468080768567e-002  8.5565639299038834e-002
  5.7157258110113884e-001 -5.0809456921861185e-001
  1.2007261514952221e+000 -2.9331557115330031e-002
  5.0877197186977008e-001 -3.3734866523020901e-001
 -8.6976171073812703e-001 -1.8378620309137667e-001
 -1.6106455428097344e-001  6.4635411714754887e-001
 -6.5782494626341137e-001  7.9135645635455099e-001
  7.0675183542371212e-001 -5.9253825362401746e-001
  1.5403171610638502e+000  6.2099473157176233e-001
 -2.1941646436318258e-002 -3.0632945066958889e-001
  1.0547617433798706e+000 -1.7916700771050637e-001
 -6.9675782223448324e-001 -1.6165257176641801e-001
  1.5930138999624721e-001 -1.6844501332986533e-001
 -1.7647013519248270e-001 -2.9515458230759732e-002
  1.6302592104122160e+000  8.4125134817989333e-001
  2.9396392302698782e-001 -3.4050186048710857e-001
  7.6771316612544416e-001  1.6033316159130676e-001
 -3.4118660662735251e-001 -8.8155755507398292e-001
 -6.3340264022058679e-001 -3.6564917279304954e-001
  3.9470297405087507e-001  5.7155971652279325e-001
 -8.1843859653613382e-001 -1.0455110714147642e+000
 -1.3617296829616992e+000 -2.2940848255824114e-001
 -3.0211739404050114e-001 -7.1019945498636605e-001
  1.5991744805600032e+000  5.8010811875355750e-001
 -3.9232110411026061e-001 -3.2404588955221258e-001
  2.2082844092680040e-001 -6.1389335500268316e-002
 -5.9372186240776315e-001 -9.1311072880089139e-001
 -2.0503929235789449e+000 -1.0326219531067453e+000
  4.2709295679569905e-004 -8.8325353454234173e-002
  1.6936598963542595e+000  5.4094535092956630e-001
 -3.3152830366961428e-001 -1.8712929801870981e-001
 -1.1501445621407658e+000 -6.3889169747575836e-001
 -9.9067222424424861e-001  3.1161857078882904e-001
  3.6418987361590976e-001  2.0142629686558652e-002
 -4.2033129449208678e-001 -4.8166000281250071e-001
  9.8362168541953798e-001 -5.2569282077327861e-002
 -2.7576517786845089e-001 -1.1737321399965117e-001
 -2.0855238854455393e+000 -1.9993396836129590e-001
 -4.3947126380112878e-001 -3.2640266242645893e-001
  7.1192447178030682e-001  6.1297886241329380e-001
  1.0264761124712662e+000  4.1174938009916034e-001
  1.2849345759315320e+000  1.2733196434818222e-001
  1.0007203094020753e+000 -7.4282170123775082e-002
  1.0733913462737514e+000  4.0328665535948072e-001
  1.8940324994703552e+000  5.2085936239808239e-001
  1.5344323803880655e+000  4.5610926137279739e-002
  1.7558857286772070e-001 -3.1133695857027582e-001
 -4.7611777054310261e-001  1.0422424876691944e-001
 -2.7974860027214676e-001  1.5513185856988815e-001
  7.0263035473701307e-001  6.8087518190330987e-002
  1.2081748344127310e+000  7.4103172384200444e-001
 -2.4755930394569692e-001 -2.3463074703242304e-001
  1.5126704874937782e+000  4.0087116428118730e-001
 -7.2494713132519950e-001  3.4838225998897876e-001
 -4.6533112882450522e-001 -3.8702221762163735e-001
 -3.8695087658886912e-001 -1.0522850465417863e+000
 -6.6195039621213347e-001 -7.8922420567566642e-001
  8.6990128763014318e-001  3.9425403043164231e-001
 -1.8708590297944666e-001 -1.5501419983331868e-001
  1.8515372595613280e+000  1.8162836858631732e+000
 -6.1285263314031224e-003 -6.5030812856743925e-001
  1.8662802548306268e+000  4.4812925708620865e-001
 -2.4299684275018656e+000 -7.1054533993824875e-001
  3.6181676324199896e-001 -5.2102270642991566e-001
  2.8348347922446993e-001  5.7959079969504024e-001
  1.9351889633997552e+000  9.2146877404366490e-001
  2.6172399750754982e-001  7.8554477083661955e-001
  1.7791615512874694e+000  8.4881069332734871e-001
  1.8927358511175385e+000 -1.0590707429113575e+000
 -6.2031577150153194e-001 -6.2925415873476997e-001
 -1.1906566491587691e+000 -2.1431667092861459e-001
  8.5819401339824775e-001 -1.1605330871016101e-001
 -8.1507699355293850e-001 -1.1466644370280957e-001
 -1.5715319409856934e-001 -7.7499961123711769e-002
 -5.7122878193443960e-001 -4.2226318031482202e-001
  1.0081065657187922e-001  6.1430487724294339e-002
  5.9642491900722472e-001  4.1400157327307496e-001
  7.1220375830268279e-001  7.3749354582293802e-001
  1.3564133138131509e-001 -3.6896471735414710e-001
 -9.4690865014708092e-001 -5.4609164282187050e-001
 -8.4692771213481166e-001 -5.8431843353674817e-001
  2.9230275835577435e-001  4.7624559237004971e-001
 -2.1843009873983115e+000  6.5377863596065455e-002
 -1.1744446819416041e+000  1.3145874379523875e-001
 -1.5657687930951836e+000  1.4479907153428317e-001
 -3.2794676020723434e-001  1.5848298707258526e-002
  4.8522131432709803e-001 -2.2182137505675259e-001
  2.3647502313198281e+000  1.0209246688148210e+000
 -4.1269968518016275e-003  7.8988852955165778e-001
 -1.0676382647072138e+000 -8.8385880065158434e-002
 -4.5354881278732390e-001  2.8975354200382747e-001
  4.5822126552695602e-001 -5.6985318504069304e-001
  1.0218468246680719e+000  5.6824474636010081e-001
 -4.5907477338155750e-001 -2.0825833186281634e-001
 -4.6098485319624790e-003  2.5218405142762812e-001
  1.1858617124597948e+000  9.4085456531262901e-001
  2.2373938508100072e-001 -2.2589374619872141e-001
  8.0392146456639238e-002  7.1422368090522959e-001
 -3.3106756761125844e-001 -5.3163751630613310e-001
 -3.8462818481354161e-001 -9.6677022843549329e-002
  1.0580035640063519e+000  4.5806581068241559e-001
 -5.3165950343947299e-001  3.2938189918983646e-001
 -4.7270483629959469e-002 -1.6226539842365909e-001
 -1.0338193422561852e+000 -7.3901721398372988e-001
  6.0374541293121697e-001  8.3029776604376782e-001
  2.4917612930268851e-001  2.4093670565793396e-001
  4.4154375928635187e-001 -7.4449424497596617e-001
 -2.6926199497499081e-002  1.3852901176378185e-001
 -7.4209831984964159e-001 -1.0019362687190232e+000
 -8.5314965691287298e-002  3.3684874877268139e-001
 -1.2841090169344573e+000  2.5044688256271869e-001
 -3.3859573002130916e-001 -1.8533806369907599e-001
  2.3071897403758084e+000  2.7587879025803441e-001
  1.6723131435634297e+000  1.0639438338472198e+000
  8.6777559397268411e-001  2.6299025472490772e-002
  4.3806436112610669e-001 -2.4365165885401141e-001
  8.2655535855394380e-001 -3.3024929521658020e-001
  3.8950077096390517e-001 -5.5571058756398539e-001
  9.3175017661400583e-001  4.0590295279524502e-001
  1.2057630488784314e+000  2.0970365519378170e-001
 -1.0212577461647103e+000  5.4951624933400667e-002
 -1.9098942024784082e-001 -8.3277264872738219e-002
 -2.7150836941263513e-002 -1.0423566434935067e-001
 -5.5511890296764399e-001 -9.5541027328087769e-001
 -9.9418358873700985e-001 -6.5361728207883751e-001
  1.2721202811003887e+000  4.2949175094633918e-001
  6.6781334150072436e-001  4.1432522924782222e-003
 -9.1077601607835434e-001  3.1106706128978312e-001
 -1.0526780309903387e+000 -1.1550703075304478e+000
  4.2719929343086471e-001  4.5124460880622871e-002
 -6.8883833900203106e-001 -1.5414637721856883e-001
 -1.1982992292749903e+000 -6.9051560555847113e-001
 -2.4745795212526300e-001 -2.2911242128649388e-002
 -8.4473371196104408e-001  5.0786829072111694e-001
  8.4961730267879965e-001 -2.2646342127396157e-001
  2.3065729731747777e+000  5.3117778088310241e-001
 -1.7009527047125130e+000 -1.1605902119876337e+000
  8.3750284512079831e-001  5.8483372977975390e-001
  4.2243249467860050e-001 -4.2595391578602410e-001
 -8.4255551770526849e-001 -6.4604065554086720e-001
  9.6165795722332847e-001  9.4057651065888925e-001
 -8.8837470229246784e-001  1.1082617362659203e-001
 -1.8822496971574609e+000 -9.1110397029817336e-001
 -1.1233142595884176e+000  1.2884429483969018e-001
  5.7816334067522768e-001 -1.2858675829970376e-001
  4.1031022582830473e-001  1.7168090360248706e-001
  1.0026548998621305e+000  1.1414089290809906e+000
  4.9077304854857701e-001  1.1815940954423192e+000
  1.2603545184152509e+000  1.7502864859696696e-001
 -2.0048131903676101e+000 -6.1519671195447367e-001
 -3.0450511786078194e-001  3.8481963846686079e-001
 -3.6320366583486297e-001  1.6943581032909266e-001
 -5.7884398449196718e-002 -1.2414931269669942e-001
  1.0671834204709172e+000  2.2416392078816616e-001
 -6.7642423767265414e-001 -5.6221426026566257e-001
  2.5245355070692466e-001 -9.6541617002525071e-001
 -1.9106671907852437e+000 -6.4498697230185487e-001
 -9.1535691900004723e-001 -8.2353943294860010e-001
  9.4014494226621803e-001  1.7758804644752538e-001
 -1.7434639917084767e+000  6.0807768867380063e-001
  1.4148458328125268e+000  4.3998228427260205e-001
 -4.8410225465291495e-001  5.4652181470597105e-001
  5.2776728734667289e-001 -3.5066312941484634e-001
 -1.1762780611366292e+000  2.3165740710403443e-001
  7.5480866741142061e-001 -5.4050378139056177e-001
 -1.4105487332633701e-003 -1.2870147550054778e-001
  1.2540612077346296e+000  5.0945834720842931e-001
 -5.4674443367662684e-001  1.2014343301823308e-001
 -7.3535504120845430e-001 -2.7755066425097769e-001
 -7.5607785640445035e-001 -7.2276059087113698e-001
  1.9747074872978843e+000  3.4402904795939215e-002
 -3.2971142499762157e-001 -4.2984750637802027e-001
 -1.6090128510186512e+000 -9.4974446092685272e-001
  9.4856719177501847e-001  1.9199551304528939e-002
  2.4952433418985481e-002 -4.2809894645338648e-001
 -3.5587227907003122e-001  4.6242052336779327e-001
  5.1681743865186169e-001  2.7873615720314149e-001
  8.8747940458735119e-001  3.9614479062885577e-001
 -6.3717848720111914e-001 -5.7562430330141778e-001
  1.1089754970626103e-001  1.6012027468918980e-001
 -3.1065491189307415e-001  5.4826293996387138e-002
 -5.7810000782791149e-001 -6.0238161186496109e-001
  4.7552466539850408e-001 -4.0229047122059175e-001
  7.2136699120708037e-001 -6.7028873465891081e-001
 -1.3701371633056978e+000 -1.1077025688411068e-002
  1.1101275348693798e+000 -1.3078637142746402e-001
  1.4883977542442778e-001  6.6069916233899253e-002
 -2.3603564485545486e-001 -3.2724485716389896e-002
 -1.5884811310214371e+000 -4.3474378850481205e-001
 -2.5721190952121981e-001 -3.6962563712239516e-001
 -6.9559770118292008e-002 -1.2459520051834483e-001
  1.0379903918934034e-001 -1.0950628605773591e-001
 -4.3650114842553578e-001  4.8750073669496796e-001
  9.2609499947124185e-001 -2.5200136935045175e-001
  1.5680285207308393e+000  3.7604776178640442e-001
  1.2436297057586652e+000  8.6177580771688311e-001
 -2.3054927253749538e-001  1.2379283640570869e-001
  3.3560382207622447e-001 -3.9799902844117374e-001
  4.0672127333192809e-001  4.8548406437109048e-001
 -6.2179909134146161e-001 -1.4246765150271645e+000
 -1.1487226134104217e-002 -2.2917916722540038e-001
 -5.8971853800046758e-001  5.4151640101361986e-001
  6.8755553329362395e-002  2.4905006141494515e-001
  1.6100370787317881e+000  8.4577163002694244e-001
 -1.8703437223271507e-001 -9.8706754234353405e-002
 -7.3076138677621849e-001 -3.9346546326149845e-001
  1.3774385034702010e+000  7.3214049072598075e-001
  8.7306821650741140e-001  1.3237305897342573e+000
 -5.2540165254994253e-001 -2.8061641738189014e-001
 -7.3699784675980529e-001  4.3742626381056138e-001
  1.4108952554419378e+000  1.7612909085481412e-001
  3.1370406268053951e-002 -1.8767254937852962e-001
  1.8525470197703764e-001  3.5378078064371049e-001
  3.4928190793258235e-001 -3.0858786459487186e-001
 -6.2905793292079404e-001  2.4308757367954642e-001
  1.0888830170638892e+000 -4.4470471957559105e-001
  2.3531367352005308e+000 -4.0338524849736734e-001
 -2.4878244540443260e+000 -8.1917411541446228e-001
  1.9796557209522569e-001  2.1010227877846036e-001
  9.4536117562014699e-001  8.6807168627014830e-001
 -7.9583632836869744e-001 -1.8391198427938760e-001
  8.9736535046633190e-002  4.6429534443011417e-001
  1.7059325652829432e-001  1.6141655086627130e-001
 -5.9975044117762843e-001  1.3145929507240525e-001
  7.0656807273732136e-001 -2.3197585006159976e-001
  1.2148500102553541e+000  3.2944088221492196e-001
  2.2322574209134549e-001 -2.0697401646575569e-001
  3.6966245072769977e-001  2.2965970623808202e-003
 -5.4650115252859410e-001  8.8850702293547901e-001
  1.1184897038529897e+000 -3.0791825076192331e-001
 -9.0270582584248915e-002 -1.1419242749093974e-002
  4.4065681213759100e-001 -1.4858115950117740e-002
  1.1747617418657357e+000  5.2628351967772513e-001
 -2.9724015090303946e-001  7.3233662751549466e-001
 -1.9418357874785239e-001  3.5982002099818466e-001
  9.0556924542502498e-002 -2.7386863057988253e-001
 -2.2331551592198107e-001 -7.2402896922834725e-001
 -1.2689286262484045e+000  7.9206858878487219e-003
  4.8240418865038720e-001 -3.0992427998512290e-001
 -1.4415337549800029e+000 -7.6023480423525447e-001
 -3.0445300330180336e-001  1.2191427557432266e-001
 -1.4083913118651659e+000 -1.1201908590546359e+000
  1.3014482552233491e+000  1.1035966089970239e+000
  8.5390486131185703e-002  7.2735761974638380e-002
  4.7895311138887581e-001  3.6412717289422220e-002
 -2.6283705146231356e-001  2.9134067706058925e-001
  1.5868400926747357e+000  8.4550529566272226e-001
 -4.0398193377087732e-001 -2.3537904491345221e-001
  1.1517029576529894e+000  8.5066333291041274e-001
  1.1531251136236380e+000  5.1426071753075497e-001
 -5.2559506400437817e-001  3.4640605807986036e-001
  4.2935891156954537e-001  2.4954698717662327e-001
  1.2660017136424975e-001 -4.9589670362398176e-002
  2.1149897739959993e+000  1.4358729234580463e+000
 -9.9421952801951430e-001 -6.5717595708262078e-001
 -1.5845486053733993e+000 -1.8524877608115298e-001
  3.1085067112716924e-001  1.0200305056573602e+000
 -9.6960840256447933e-001 -4.8030247102949136e-001
 -5.8914914740944124e-001  1.1408197431139144e-001
  3.3143337452103611e-001  2.4586755383707082e-001
 -1.2980531234625121e+000 -5.4900215409370223e-001
  1.0717024481459547e+000  3.1988197570579141e-001
  4.2140662519697225e-001  4.0952654816606782e-001
  1.4224088192028959e+000  1.4937660248710642e+000
 -3.1185098332623412e-001  3.1265702248677135e-001
  9.1302863694831149e-001  1.6205456963488918e-001
 -1.1189102964072997e+000 -1.2398711889683693e+000
  2.4083427815025790e-001  1.8638396592450857e-001
  1.1234224784522251e+000  4.5662165993424358e-001
 -6.4821038468313941e-001 -5.5716513075063945e-001
  8.7371071072753798e-002  4.8874592687540702e-001
  1.6346791902096156e+000  6.6952414117786463e-001
 -7.8450635641838928e-001  3.3599624158619723e-002
 -1.1103891743645669e+000 -5.5591549689601805e-001
  9.3361151271508069e-001 -3.3297993110227408e-002
 -2.3487275404541277e-002 -2.2124712460641813e-001
 -1.1006788210565730e+000 -8.3913559939721560e-001
 -8.9371015898694328e-001 -5.0757138038754313e-001
  3.4626876515328631e-001  4.3696165305068518e-001
  2.4488385764531759e-001 -9.6006456246219007e-001
 -3.5157833711023845e-001 -9.1749326237467166e-001
  2.2905996356097350e-001  8.0903008711341859e-002
  5.6443242983718678e-001  3.1986414270086239e-001
 -7.3096830161396209e-001 -6.5409896395095435e-001
 -3.1975987499800207e-001  1.4990072295519985e-001
 -7.2565679372191749e-001  3.5925928833082643e-001
  1.3398890662460636e+000  7.1529704399762806e-001
 -1.2786930845212947e+000 -1.1000453572436844e+000
  1.6141006979775505e+000  1.4944387330921877e-001
 -5.6976868028020489e-001 -5.6219580082660692e-001
 -2.0315235231550496e-003 -1.5584547763293297e-001
  9.5753909509235080e-001 -2.0359531382655005e-002
  7.3778209531689976e-001 -1.6434163504294108e-001
 -3.4139431519180602e-001  7.7281397381701844e-001
  8.8857732595624894e-001  1.1398753795259894e-001
 -1.1797235891098570e+000 -4.2376769300904199e-001
  1.3814747928427595e+000  5.4567011026342760e-001
  1.1604439971148339e+000 -4.4567064044439064e-001
  1.8512602518634076e-002 -5.1760821071008178e-001
  4.0389231454849772e-001  3.3648679500646828e-001
  9.7950708468611325e-001  4.5487909401214743e-001
 -3.2773597164507051e-001 -6.3036624168939792e-001
  5.4540719894416656e-001  6.7946347377295169e-001
  6.8719863934489989e-001  1.7557591659614211e-001
  3.7195102911310790e-001  1.7651612107631220e-001
 -1.4205322333200863e+000 -3.7607960819481007e-001
 -3.3566647926699783e-001 -3.5272898655777701e-001
 -1.9762429573467233e+000 -1.4320713090036610e+000
 -3.8301146217614834e-001 -1.7487878145001562e-001
 -7.8985780425840213e-001 -9.5411716372231037e-001
 -9.6040382036735289e-002 -1.0427187227708239e-001
  3.7740673939161296e-001  2.0824010995143172e-001
  8.3001450603352056e-001  3.3972204978966025e-001
 -1.4316661706106878e-001 -6.7821958405989513e-001
  4.0143401088322019e-002  1.8004023663290550e-001
  1.0132833135328270e+000 -2.5072026039585177e-001
  1.2967131238641010e+000  5.0434474712502197e-001
  2.1759180549343982e-001  3.4169911359736344e-001
  8.6125649934160731e-001  9.9085854592420863e-001
 -7.2990099777746575e-001 -1.1587668422321848e+000
  1.5856216216432193e+000  8.5570215703111929e-001
 -6.6277255562980952e-001 -2.7314057401528491e-001
 -7.6753445516023588e-001 -2.6477177504677574e-001
  5.3812431126830140e-001 -9.6288673594820878e-002
 -6.5332550805137737e-002  8.7703409679728131e-002
 -1.5864911029997606e+000 -5.9446123382958949e-001
  1.0774678464304277e+000  3.9687320370887069e-002
  6.9520541428819449e-001 -3.8258525060972909e-002
  1.6476251926678493e+000  7.7670342438832007e-001
  2.9484033954077660e-001  3.1374392522077532e-001
  7.0498276229555623e-001  7.1586222411341294e-001
 -1.1514503871223669e+000 -1.7911299433665967e-001
  1.8594648225365804e+000  4.9098238898159213e-001
  2.3714585644659700e+000  1.8977014829664574e-001
 -3.8131996813683505e-001  2.9856126385824883e-002
 -6.9478119076098277e-001 -3.4892928775123655e-001
  1.0001102629850522e+000  4.0154414866997507e-001
 -1.1352790317824366e+000  6.0199025255372296e-002
  1.5360937258357718e-001 -1.7976826315088532e-001
 -1.3481851776947226e-001 -2.6144505441440030e-001
  8.2663000372964068e-001  1.2921164531859747e-001
 -1.9688456648260602e+000 -4.9322983963645306e-001
  1.2343782952899496e-001  9.7047319395092169e-001
  2.6191656383140577e-001 -3.2143569489579027e-001
 -1.7710953149390807e+000  8.2703042671931515e-002
 -1.5884016331513370e-001 -1.4637558328383196e-001
  6.2917563831342982e-001  6.0022044776187267e-001
 -1.2757704507774403e+000 -3.5537005984650027e-001
 -3.0003985138120087e-001 -3.3481856565927165e-001
  1.9684922663339013e-001 -5.9725449446013990e-002
 -5.2258404179656059e-001  2.8263608010188312e-001
  1.5731803177806845e+000  1.0524681801459974e+000
  7.6943528283330609e-001  6.7122600910738661e-001
 -5.7875848817386455e-001 -4.3197546273747600e-001
  3.3162286233897903e-001 -4.9112645017557566e-001
  1.1288165968639712e+000  5.2234563220179253e-001
  2.4821915915407480e-001  3.1641669572882553e-001
  5.5692230558818867e-001 -9.8431870355127393e-001
  6.4314069784737837e-001  2.0404622021135099e-001
  7.3914532347095796e-001  1.1820498710635394e+000
 -1.3227445954626780e+000 -4.8317585528533891e-001
 -6.7679356868749085e-001 -4.9824398824990679e-001
 -3.5288789882104116e-001 -5.6768303071594106e-001
 -1.5974286905154371e+000 -1.3091146236865843e+000
 -1.4018848510104032e+000 -6.4485503974678127e-001
  3.5764557588467683e-001  2.4542571969114291e-001
  3.5890957913072996e-001 -3.4321004854669190e-001
  9.2459893174538643e-001  3.9353247185983231e-001
  3.6559773781626459e-001  4.7077181982046779e-001
 -7.6678226746921085e-001 -5.0191703021316625e-001
 -1.5723569545980351e-002  2.2083901885280138e-001
 -7.1651170654424978e-001  4.4184119355714951e-002
  8.6715784970273202e-001  2.4053139168348858e-001
 -1.5109504182167988e+000  4.4327221674360762e-001
  8.5944694212914541e-001 -3.2516220193337164e-001
  4.9809696531923398e-001  2.7548020073195922e-001
  7.7309364711917627e-001 -1.9275942066656293e-001
 -5.7861824111408333e-001 -5.0433828524458879e-001
  1.9713154777483713e-001  2.6121908201804589e-001
 -4.1034292133396780e-002  4.8851690144842214e-001
 -1.5108492932690507e+000 -3.7530377305057827e-001
  4.8478405929094337e-001  7.4339250610380780e-001
  4.4259508248734797e-001 -2.9346118505578161e-001
 -7.4310504325186866e-001 -6.7968010759988651e-002
  1.2400290754222321e+000  1.2872256073293795e-001
 -1.7651225824551386e+000 -8.7660125354961616e-001
 -4.1099414684515473e-001 -1.3292305291928399e+000
 -3.9083011648941729e-001  2.3111017771969519e-001
 -7.1371657063901317e-001  6.4504935196495683e-001
 -6.6394469778635101e-001  2.9780659024828071e-002
  4.8304698020287712e-001  7.7562455059606816e-001
 -8.7379545093365563e-001 -2.3511040846970579e-001
  6.8880435913928506e-002 -5.4318496201434108e-001
 -4.2512211298014480e-001 -5.2735340521973706e-001
 -1.2836241150474367e-001 -4.0633645208256025e-001
  1.9323487712141747e+000  1.0848768509738180e+000
 -5.4185759691821500e-001 -3.8268654324836354e-001
  8.8552130715704369e-001  3.0756051229606979e-001
  3.7868687468637051e-002 -5.9956483066591015e-001
  3.1479594249311876e-002 -7.4447009239225814e-002
 -1.9026101835738953e+000 -1.3158488273941797e+000
  1.0207733591015105e+000 -1.5658895467445200e-002
  1.5452356990457067e-001  3.9440014419790825e-001
 -4.3401626340427735e-001  6.5325677795797199e-001
  3.7427372435874698e-002  2.3368529656204942e-001
 -1.0900756901073246e-001  1.1857890982897669e-002
  1.8320231480310847e+000  1.0414369869987870e+000
 -1.1068461575315744e+000  1.5665799723559304e-003
 -5.6153311184509580e-001 -1.2906734868652556e+000
  2.6280596486241053e-001 -7.4215717814993087e-001
  1.8541636883709693e+000  1.7435757407437635e-001
  2.5733621533160905e-001 -3.2313683334674537e-001
  1.1111368889720044e+000 -3.9997673390653160e-001
  7.5261934525784502e-001 -8.5029066220560778e-002
  7.1894559732620245e-001 -2.1103500365102787e-001
  1.2875389976660634e+000  8.9044655696499797e-001
  2.2912295576216315e+000  4.0784305353300654e-001
  1.4758504544749002e-001 -5.4046858990651292e-001
 -2.9002012450897713e-001 -2.7776318189756732e-001
  1.8721423664533487e-001 -2.5772723366024602e-001
 -3.0318164349931870e-001  2.9182559416879736e-002
 -2.3113443708751453e+000 -7.9939175243417426e-001
 -1.1595089495469468e-001 -7.1553463643145132e-001
  1.6783931854758707e-001  3.1628927988044231e-001
 -3.6629876272839484e-001 -2.7667309948469765e-001
 -2.1687365626902702e-001 -3.4003037197923169e-001
  1.2362374179746147e+000 -1.9470801571352281e-002
  8.2520071831285527e-002  3.8856119807049594e-001
 -2.9897841454226207e-002 -5.8887274010613576e-002
 -6.6134596139767354e-001 -9.0999212256578177e-001
 -5.5724383254952803e-001  8.2760979951495339e-001
 -1.0090315607727388e-001 -1.8685579765038007e-001
  1.2792682105886385e-001  1.6259235951164280e-001
  3.8860920558150941e-001  2.7918498021214333e-001
  1.6352424184746706e+000 -1.0815259884702810e-001
  1.3565647515412436e+000  9.6656723239588938e-001
 -1.1971966367722751e+000 -2.4408252973856748e-001
  1.7565888155757776e+000  5.9280698832307377e-001
 -9.8549867689988646e-001  3.2329140877155949e-001
  2.5712114357131282e+000  8.4426998512069529e-001
  1.9928699316339146e-001 -7.2946397264910079e-001
 -4.3872778647799587e-001 -1.3897785070221941e-001
 -2.0213034000306256e+000 -7.1607454413339711e-002
 -3.9798076154977569e-001  4.3630394808838963e-001
  1.5421441058256977e+000  5.8393301690097443e-001
 -4.1266043066293645e-001 -8.9984515099475304e-001
 -4.5082055336734594e-001  3.6720675659496405e-001
 -1.3130099802124831e+000 -4.2019985353402528e-001
 -1.1739211699921503e+000 -2.6424004252590144e-001
 -5.7868622095541833e-001  4.1354687651941063e-001
  3.6003026172762892e-001  2.9257544857357165e-001
 -2.0622844670163363e+000 -2.3244168193861814e+000
  6.6735467239117974e-001 -5.6221338506952512e-001
 -4.8111331676355334e-001 -5.2377517255502548e-001
  8.0432814393649454e-001 -3.5044636978763805e-001
 -4.3457316169628214e-003  6.9022376270158572e-002
 -4.4269346831252138e-001 -6.3171376005386859e-002
  5.0276379110166991e-001 -1.6679522872097269e-001
  5.0515376227795350e-001  6.8745892357572425e-001
  2.0251210489010627e+000  2.4639155108587385e-001
 -1.3012026695464614e+000 -5.4873141125133018e-001
 -7.0203065287701538e-001 -5.1644018651424339e-001
 -1.2234465901077942e+000 -7.7784506907475603e-001
 -5.7012442884833425e-001 -1.4600863705424205e-001
 -5.0539401219657021e-001 -7.9050078581164973e-001
 -4.4142784551624831e-001 -2.7549254991481470e-001
 -4.6892666077044259e-001  2.3982443941935797e-001
 -5.1038732826259192e-001  2.1980472983802254e-001
 -2.3713183058928264e-001 -9.6294400685804071e-001
  4.2823524968830368e-001  3.1485272170267375e-001
  1.1137107236282351e+000  1.2423858342639807e-001
 -3.6495860946565661e-001  9.6974069064411139e-002
  1.8274290203845291e+000  6.2710332405980129e-001
  8.7275745717450026e-001  1.1698108536442758e-001
  1.2196688501636195e+000  3.5979835763661605e-001
 -9.8020056830370639e-001 -1.5484316588529723e-002
 -1.8281874367485984e+000 -2.1574990297111390e-001
  3.2694443661093170e-001 -2.4546744011346280e-001
  3.4432845571074483e-001 -5.0497118013715092e-001
 -1.7002621447397857e+000 -7.0211254532817069e-001
 -1.4858737037739373e+000  2.1659384455100794e-002
  3.5206216987236272e-001  2.6271506204674422e-001
  1.0364504160477079e+000  4.9148824215638909e-001
  1.3563464504485832e+000  2.0410976425918037e-001
 -9.1826295205756403e-001 -6.2634827327449760e-001
  6.0462220848096093e-001  1.1332025144856914e+000
  6.1424438056193775e-001  1.3608064923248533e-001
 -3.2075162040127413e-002 -2.4858448657622628e-002
 -1.0518707394334270e+000 -4.4098487054720337e-001
 -1.1044769486990307e+000 -2.9939568923954230e-001
  7.4051846441335800e-001  7.5737819139590074e-002
 -1.6820671241957708e+000 -9.8314049058297870e-001
 -2.9493028322110254e-001  1.3741565665102484e-001
  1.4047517415792068e-001  7.0193660055967022e-001
  1.0929688666553470e+000  4.1260819437994289e-001
 -3.5915033601305835e-001 -4.4875705195233984e-001
 -1.3924867372945950e+000 -3.9188737379389571e-001
  3.4804047063741828e-001  5.7197392751483100e-001
 -7.1966067475287387e-001  6.0124071427665626e-001
  1.7774803176697005e+000 -1.1071948966955736e-001
 -8.6794202992503355e-001 -2.0813669143710206e-001
  1.7100492997872677e-001 -1.4725418714873725e-001
  2.0424153058014007e+000  8.6229239579976324e-001
  1.0541098474681507e+000  3.9364019965154406e-001
 -1.6915694444870257e-002 -2.7481803904559604e-001
  4.7916544097332175e-001 -6.8440803924717042e-001
  2.4027452006277570e+000  1.6441853982089238e-001
  1.4006442383756614e+000  1.4230569677955074e-001
 -1.3284000995320473e+000 -5.2394611513277967e-001
  1.8471418700545009e-001  5.9420745369182526e-001
  1.0648549688926436e+000  4.6989357973354740e-002
 -1.5348495436433005e+000 -2.8996750724564768e-001
  2.8867107598621894e-001  5.0170183503850174e-001
 -6.8163725653236987e-002  8.5712190483508754e-002
  2.8837315138339037e-001  1.2537125805674731e-001
 -8.0507599617511705e-001 -5.2131078186871294e-001
 -1.8269850899288989e+000 -1.6255445226278986e-001
 -1.0724325973974103e+000  4.2459642281292409e-001
  1.8748921906851284e+000  7.8038654775949745e-001
 -1.2973443937692278e-001  1.0190872905603054e-001
 -9.5153075897974615e-001 -1.7759924275039429e-001
  1.4678597293511206e+000  9.1421388345494037e-001
  9.1898540935060213e-001  1.2405936038639989e-001
 -8.6259435346263313e-001 -4.9349462280572409e-001
  1.0749515249027226e+000  5.6621607817562503e-001
  1.1103962465604125e+000  1.9267151365715909e-001
 -7.7375931552178645e-001  1.7655716249104203e-001
  5.3988518712705802e-001 -5.0886341476104768e-001
 -3.7074025691016055e-001  4.9659520005143615e-001
  1.2508010869041546e+000  4.0428590938702047e-002
 -1.2620658030024960e+000 -2.6930266562318006e-001
 -4.0853389629505643e-001 -3.3696939330717035e-001
  8.2078999574667044e-001  5.7323613434779974e-001
 -7.9533794603870500e-002 -6.7343852599602017e-001
  5.7639307482990865e-001 -3.1617750880898476e-001
  1.7375452090410182e+000  1.2693139151781310e+000
 -4.2635896782702654e-001 -5.7488708681985001e-001
 -1.0958245676170304e+000 -6.4877684855229800e-001
  1.5622851016972281e+000  4.9724281421245764e-001
 -4.3739992161479013e-001 -4.9723257615560845e-001
  3.1828410837243809e-001  1.6271467376942333e-001
 -5.8196265082960241e-001  3.6428822489952706e-001
 -1.5687956166775296e+000 -4.3916373275857429e-001
 -9.4733525212358816e-001  5.0683739989866206e-001
  1.3122376612823778e+000 -2.7068310516030375e-001
 -4.1514225773416624e-001 -2.5498245943064202e-001
 -1.5018280579252355e-001 -4.4559099990803963e-001
  3.0003773753736934e-001  2.5887932552514781e-001
  1.1768181790894892e+000 -2.2512367981077525e-001
  1.5239725728178100e-001 -7.6062832404840253e-001
 -2.5848918719305497e-001 -2.5788629199524593e-001
 -8.5247108556813245e-001 -1.0874960192403003e+000
  5.8281504895868774e-001 -2.3671894734576449e-001
 -2.0883067463916642e+000 -8.7729739872953338e-001
 -1.1749818627948068e+000 -1.1179643820875318e+000
  7.3632480372299125e-001  4.7931776322816300e-001
  4.4686941251797835e-001  2.7411000118230933e-001
 -1.2768399142298084e+000 -6.7044761676572184e-001
  5.3701683112348764e-001 -4.7694492095916441e-001
  4.6946927841301994e-001  1.4684478198096651e-002
 -1.1843014687011966e+000 -4.3220903151622581e-001
 -7.1776964989152980e-002 -1.0173025825768165e+000
  1.6020890248907500e+000  1.0797606927959891e+000
 -4.9352079080297545e-001  5.1528543230999757e-002
 -1.3475459404571144e+000 -1.2078394588279857e+000
  1.5875512000065983e-001  9.5409642769810110e-001
 -5.6015473200425636e-001 -2.3841029589485391e-001
 -3.5870544881857980e-001 -7.8280408518325428e-001
  4.1016371912981392e-001 -3.0131786603208799e-001
 -5.4833208678955365e-002  1.0393760217490654e-001
 -3.8144144609470410e-001 -7.7422921829767621e-001
 -1.0317271350276416e+000 -5.2652346800599314e-001
 -8.2025138628587335e-001 -2.9259123905046702e-001
 -1.0235109013656982e+000 -5.0179868372577396e-001
 -6.0516474643564111e-001 -8.8217542189272413e-002
  1.7605225557839281e+000  2.0187120997142133e-001
  1.4765427008967527e-001 -7.0504682737196067e-002
 -5.4935451349363162e-001 -7.7404093994780668e-002
 -1.2786445612355257e-001 -1.0557309823300176e+000
  2.4532816381782682e-001 -8.0543444448875434e-001
  2.7607428774352194e-001 -4.0617446266399870e-001
  3.1871791169342850e-001  1.3220899810081366e-001
  1.0905399301591125e+000  4.2009417218143330e-001
 -3.4388203789832938e-001 -4.3820658948247182e-001
  3.5511640873913436e-001  7.0796751393002055e-001
 -6.1861535445264626e-001  3.3362318390340751e-001
 -1.8589501721566013e+000 -6.3884542847467995e-001
 -5.7193635027256762e-001  1.3523710596537446e+000
  1.4179773502033928e+000  2.5798714073751244e-001
 -3.5459491912894336e-001  3.4426859605771676e-001
  1.0218800048084700e+000  2.7768388910601954e-001
  6.0181964077843009e-001 -6.0988052928394820e-001
 -5.9725078476767535e-001  6.8227309674051706e-001
  1.9133554725628326e+000  8.6626102424800289e-002
  8.7343189849121305e-001  2.9581741786617788e-001
  9.0257720419218745e-001  1.1510011334885759e+000
 -9.0963369481415102e-001  2.1646306638821555e-002
 -6.4707494594264636e-001 -2.4110448532872752e-002
  6.4644302470159132e-001  1.2729316749955497e-001
  1.1997529657239914e+000  4.7229151581179118e-001
 -2.6380071427592893e-002  8.5826976754626128e-001
  1.7119351265523406e+000  3.0234211114284726e-001
 -1.2779894305330497e-001 -1.3986162298842794e-001
  7.1805460287570011e-001  6.6442435782031461e-003
  3.3666815674872085e-003 -1.8781476305908326e-001
  1.0939509488075259e+000  2.4914428685324935e-001
 -3.2707940036049105e-001  1.8547993400205309e-001
 -3.1385238584878648e-002  3.1007084523523538e-002
 -1.5083151693821604e+000 -8.0110032138159915e-001
  3.0225426898863333e-001  8.4770012591493882e-001
  8.9735744606478429e-002 -3.7156617768599942e-001
  5.2809527517290300e-001  7.0034992396030560e-003
  3.3819948668323307e-001  1.3816508871238012e-001
 -6.6933510439874977e-001 -9.7168378946323331e-001
  6.6403808459301994e-001 -2.6320790204636579e-001
  2.6101575460904840e+000  1.9021692517418431e-001
 -6.4146397930650623e-001 -1.4133734443435257e+000
  9.3228533961293669e-001  1.2571490017522917e+000
 -5.7776634338705912e-001 -5.0801989097750355e-001
 -9.0842604671971872e-001  1.1243580046905005e-001
 -1.1228118636762028e+000 -3.2896424109120304e-001
  5.7536784676886399e-001 -2.8296106112849850e-001
  3.3244123339828610e-002 -8.5356952978627582e-003
  8.7369900044574944e-001  4.4758696341674148e-001
 -1.9001359336860807e-001 -5.8070704357802416e-001
 -1.1753622829800296e+000  1.9643174718370315e-001
 -1.9834844935529305e-001  4.8895587023576270e-001
 -7.3767574880930317e-002 -6.6753780586674971e-002
  6.1240014193003767e-001  4.6524939137453902e-001
 -1.2104331727234015e+000 -9.2156311070929631e-001
 -1.8431274994129450e+000 -2.9087275602708912e-001
  4.5884163108974385e-001  7.8853450980503725e-002
 -7.7654611670295715e-001  5.0415169286005701e-001
 -4.9077333453682603e-001 -5.8581800918983407e-001
  5.5038272242731756e-001  1.0869041409045679e+000
  1.8332362419598940e-002  1.4703754071402481e-002
  1.6492439235495926e-001  2.5363462643491991e-001
  1.1843035460211375e+000  1.0195488390282073e+000
  1.0659059475731629e+000  8.2520712776069016e-001
  3.5925236431561991e-003 -4.0029335261003629e-001
 -5.3167177737066851e-001 -5.7891692884577561e-001
 -1.1937882118395116e+000 -7.7736057727595298e-001
  3.1576465034395751e-001  5.8724185370957871e-001
  2.3130772542769971e+000  6.3173850043845314e-001
  1.0470784567874751e+000  1.1033141270601390e-001
  2.2495732203798247e-001  1.0530124692664594e-001
 -1.0978901227144555e+000  1.4528155412848631e-001
 -1.2258615202773835e+000 -4.4057085265134643e-001
 -5.3002453547500716e-001 -1.7276459506218200e-002
 -3.7421819003062939e+000 -2.1837064115214191e+000
  4.1738846113525319e-001 -1.8070882127644045e-001
  1.2434944917598716e+000 -1.1572239354375735e-001
  1.1058381190674023e-001 -2.5972294473211910e-001
 -3.2708370691009458e-001 -4.4730255819207299e-001
  1.3528961063008123e+000  2.1243566345059603e-001
 -4.2774282271306330e-001 -3.5347767260515350e-001
 -5.7937314059160405e-001  1.2760482682657762e-001
  9.2596838157810080e-001  9.3588643203678124e-001
  5.5104082489269412e-003 -7.0178737603573460e-001
 -6.3449085280785977e-001  6.1290701907622080e-001
  8.5832653488398802e-001  8.4546572541486675e-001
 -4.8077644660536217e-001 -1.0132058648142264e-001
  1.4897072069204504e+000  1.1710044106449751e+000
 -6.2939120653925662e-001 -7.6643389548045199e-002
 -5.9395075639409267e-001 -6.4572450823409533e-001
 -6.2869404086788638e-001  3.2823331737237182e-001
  3.5625164959802735e-001  1.1299211760097561e+000
  1.3050857828641174e+000  3.6721143630201014e-002
  3.6567445113405167e-001 -3.4922304670754606e-001
  7.7207787601746714e-001  7.5327002867584736e-001
  1.2553260035455831e+000  3.6562180423477053e-001
 -1.2833484345058105e-001 -6.6348692599504600e-001
  9.4862334582409391e-001  8.5113825308301783e-001
 -1.2449953419947186e-001 -1.0795605285503443e-001
  2.0999405347527622e+000  2.6557272285299893e-001
  2.6028184348813638e-001 -1.8842548563204287e-001
 -5.4547922375105740e-001 -3.9170206052295775e-001
  1.0043151049480539e-001  4.5971293268665742e-001
 -7.3290408805219132e-001 -7.4949205622877502e-001
 -1.5241581816792162e+000 -2.4222206863316773e-001
  3.4978029371345692e-001  5.6521319868490960e-001
  2.3285893913274022e-001 -3.2417170898961234e-001
  6.5400112969873270e-001  3.4943549439572941e-001
 -8.4495453583097402e-001 -1.0112011431670238e+000
 -8.0511506765235363e-001  7.7815383857136572e-002
 -4.9075082359330691e-001 -6.6148621156172194e-001
 -1.0057096918495756e+000  6.7809176846239383e-002
  2.6913542534138024e+000  1.0060907491251394e+000
  3.7153352128524719e-001 -7.7067094530238911e-002
 -6.5312632445470875e-001 -8.7409869165969223e-001
  4.2432290527495531e-001  7.3750661416101004e-001
  1.2295282642472520e+000  4.3883571495019963e-001
  6.7759678656767075e-001  9.7191409928041339e-001
  9.1664964499449286e-001  2.7891991215821549e-001
  4.8074548240684700e-001 -6.7073484454396881e-001
 -1.5071448991005800e+000  3.2234233487873581e-001
 -7.5989332074361648e-001 -3.6149908958961841e-001
  1.0598427728678270e+000  7.4156622411441209e-001
 -1.9808494959682021e-001 -3.9039756216619559e-001
  2.5920146194334753e-001  3.5813826571531915e-001
  5.5492450512301172e-001  5.4911713515160343e-001
 -1.0214216765194457e+000  1.5782787303155249e-001
  1.9011278993805522e-001  2.8572678241816313e-001
 -4.3478833852527143e-001 -1.4913841849593942e-001
 -1.4741666558900703e+000 -3.7604197688178964e-001
  3.9323296925466805e-001  2.5652177264452047e-001
 -8.4408120205498183e-001 -5.9163004058748636e-001
 -5.0283444435580649e-001  1.0138527887320745e-001
 -1.3392198472697932e+000 -8.8956941368703635e-001
 -6.0296368539953615e-001 -1.0540429120955537e+000
  4.3953242452541175e-001  2.0818973190614193e-001
  1.5715062681433234e+000  5.6206399120792150e-001
 -1.1315486914163275e+000 -2.3831052646768824e-001
  3.4531866633768993e-001  9.1601472777423332e-001
  5.2338767757165883e-001  7.2199402962681114e-001
  1.0439640091213562e+000  1.1672864341610660e+000
  1.2598690621945998e+000  4.7893806615644491e-001
 -1.1058795068898115e+000  8.4625223033866159e-002
  6.1373146577136807e-002 -2.5249628463884055e-001
  1.2306936860998554e+000  2.6335983914864447e-001
  5.4510573196156176e-001 -6.3739687978246629e-001
  1.3999759527360809e+000  4.5199392398335914e-001
  1.2164883194243188e+000  7.8974250883236663e-001
  2.3437996032746047e+000  2.1822269926187726e-001
 -2.6200232608067631e+000 -8.8796220923165936e-001
 -3.3185056225493303e-001 -4.3137096498551902e-001
 -3.3863352791898732e-001 -4.7204927752153597e-001
 -1.4236228063658394e+000 -1.3558198535494947e-002
 -5.2123671577046804e-001 -1.2554536729606999e-001
  1.4222332042131822e+000  7.6559416305256001e-001
  5.9293463203202904e-002  1.9961332804198562e-001
  9.6058523057172052e-001  7.1700911825900382e-001
  1.6349072203240502e+000 -5.4390863784312349e-001
 -2.9026899579740728e-001 -5.5547624351544356e-001
 -4.0961737144555604e-001 -2.0165272473760251e-001
 -1.3171196469757265e+000 -2.3570252572417269e-001
 -2.7729676435598227e-001  4.4308886740071679e-001
 -7.1469272260347805e-001 -5.0752022867720181e-001
 -2.1928543297312600e-001 -3.4300736669004556e-001
 -2.2558311684619525e-001 -1.9834937933125230e-001
 -7.2836400311107674e-001  1.0008084794413505e-001
 -1.1446827870337006e+000 -2.9463029441054833e-001
 -3.7768731180249387e-001  4.0255511033569552e-001
  1.4625903498181908e-002 -3.4935586642874200e-001
 -8.9567127480984343e-001 -8.0296278558560169e-002
  3.5223937459084237e-001  2.8310384558424984e-001
 -1.4412800746903878e-001 -7.9661740589767127e-001
 -2.6065639444888000e-001  5.7625498951091148e-002
  9.1173328995950831e-001  1.0707477756698807e+000
  2.3061824201567309e+000  1.4296058620700336e-001
  8.4764343762861305e-001 -3.7654279384661316e-002
  6.4269086947991583e-001 -2.7312974603902018e-001
  4.7200446436520037e-003  5.1881995136915415e-001
  1.2978651215934300e-001 -2.1609083388583472e-001
  5.8142927241027786e-001  5.1874426763659409e-001
 -5.5298028297816093e-001 -9.1961772301563272e-001
 -1.4925587951553214e+000 -1.2829660024481884e+000
  4.2911185712260003e-001  5.8577939628456765e-001
 -7.0186624998617597e-001  6.1327212607558051e-002
  3.9371699200444665e-001  2.4646123217849453e-001
 -8.3054226491109351e-001  1.9400336257714729e-001
 -1.2534171733367769e+000 -3.4505105006131132e-001
 -1.4034301172262205e+000 -3.5691643132173045e-001
  2.8110146188364665e-001 -3.1659558802606974e-001
  1.9545392004640429e+000  5.9071776193388836e-001
  2.0043804637693344e-001 -4.4409729563908468e-001
  4.9050351854076063e-001 -2.6101887579668320e-001
  1.4380903424203270e-001 -1.7555244391403046e-001
  2.3009588569894593e-001  1.3260531754592714e-001
  2.3654750892307383e+000  1.4441537395390664e+000
 -7.8126821442042804e-001 -6.1374472203251568e-002
 -1.5888927331325653e-001  1.3845218055372974e-001
 -6.7370935239964769e-001  4.6849104484477849e-002
  7.1404819381029772e-001  7.6580433295131756e-001
  2.5518923678767225e-001  3.4253813108598680e-001
 -3.2726228733011720e-001 -6.9000307662862873e-002
  7.4210709381366913e-001  2.4187026122359678e-002
 -1.0057039353284576e+000 -2.8030546628100228e-002
  1.1942067727222484e-001 -7.3565829251839043e-001
  2.0044175628733882e-001  7.9256946747226387e-002
  1.5738512386036303e+000  9.0440423641670020e-001
  5.3862757746209944e-001  5.7127627918237431e-002
  3.3060707002261082e-002  2.7424999129755734e-001
 -1.3417460803220600e+000 -3.2350634480835089e-001
 -1.4709084069347285e+000 -1.7317889005995019e-001
  5.9063095137357891e-001 -4.8945844865940169e-002
 -7.0018361917374228e-001  5.5581344072634353e-001
 -2.4119071121582844e-001  1.0939271458737716e-001
 -8.6941696840581706e-001 -1.9620630606843267e-001
  1.8160318122483435e-001 -4.9111987387024930e-001
  2.2787984441006584e-001 -2.0147884974412805e-002
  1.7447199335062691e+000 -1.3904383538873033e-001
  1.8178741300409469e+000  4.1311483644448788e-001
  1.0616329045964594e+000 -2.4477303074657852e-001
  1.0839853855969863e+000  2.9588278655956396e-001
 -1.1696720091354662e+000 -2.8115163188584813e-001
  1.2757734688440880e+000  1.6068512109940844e-001
 -9.4157239797882164e-001  4.6581607494387556e-001
 -1.5994504156285774e+000  1.4747160279651544e-001
  3.1662531128065901e+000  1.5978066634525727e+000
  3.1866731206771554e-001  3.6630603454320454e-001
 -6.6293667585107718e-001  1.5856087686005541e-001
  7.9258945602187058e-003 -2.9880936913530964e-001
  6.9009419100267796e-002  8.1107709564660374e-002
 -2.0700280325852325e+000 -1.1353645745194743e+000
 -7.1555006405280130e-001 -1.0475357512752541e-001
  5.2931945336737818e-001  6.8219752047491367e-001
  3.5540311151334339e-002 -4.9381836101925231e-001
 -1.6628948564473345e+000 -5.9459042307775600e-001
 -4.9149232988294744e-001 -8.1929057968471986e-001
 -1.5006687869398908e-001  2.3281279518793313e-001
  8.1332346604657560e-002  5.8843660984280055e-001
 -1.6787769712890666e+000  2.0362319063329415e-002
  2.5533608712194555e-001 -3.9341822195045606e-001
  1.5290513435803483e+000  1.3379483063264214e-001
 -1.5927266022625313e+000 -5.2463289612273911e-001
  4.3879028982053542e-001 -4.9431198932697262e-002
  1.3436514170588627e+000  1.6133967790239243e-001
  3.8034770828384190e-001 -1.0427829359213434e+000
  5.8906425483469960e-001  4.6848120640913204e-001
 -4.7503820818126641e-001 -2.4993719863299224e-001
 -1.8518903468881709e-001  2.6218141458122607e-001
 -1.1447154235032402e+000 -2.2219239743902061e-001
 -1.2150606146283471e-001 -1.4013921545049279e+000
 -5.5261797583452377e-001 -3.0386441639399087e-001
 -6.5803277562509432e-001  1.6281955753689484e-001
  1.4472509980236541e+000  9.1313029088343356e-001
 -1.1705736462723897e-001 -1.8048527306260914e-001
  6.2993479002457142e-001  4.2751066851759612e-001
  3.7530719610252467e-001  2.2164879186391834e-001
 -1.0148873356927213e+000  1.1798973286491476e-001
 -1.8898582159862081e+000  3.3287899459211012e-001
 -1.4337564920575592e+000 -8.4779905549125978e-001
  2.7594102271539178e-001  1.0450941172634718e+000
 -3.0120802536424773e-001  7.9173873841406478e-003
  7.5950290888420813e-001 -1.3831275944596122e-001
 -3.7994748488344932e-001 -4.8532848579579357e-001
 -1.3223029304804714e+000 -3.4272265766490373e-001
  9.6331577104303914e-002  9.2149509275119140e-002
  1.1010479159111393e+000  5.1861758307573524e-001
  2.6541883215636958e-001  4.5860772875382172e-001
 -1.8595535925262924e-001  1.0991617382073772e-001
 -4.2093316422672439e-001 -5.9576940779900911e-001
  1.2681221143578407e+000  6.4165996403310943e-002
  9.1430715644774463e-001 -7.3474312998275615e-002
 -4.2965145551113137e-001 -3.9947487487817102e-001
 -1.3463938431479689e+000 -2.4116662772568515e-001
 -9.1355036378216325e-001 -1.1792953826406233e-001
  3.3332669415720645e-001 -4.2730794690678808e-003
 -1.0925887664108063e+000 -7.8550076881508279e-001
 -3.8695110832465474e-001 -2.6540837286784624e-001
 -1.2243517768057059e-001  2.3687100995138122e-001
 -6.5977752261591105e-001 -2.5732617231672622e-001
 -6.2447743910361375e-001  4.7270336755913700e-001
 -2.2631248255771255e-001 -4.4292874868236026e-001
 -5.5084095365233510e-001 -3.0442436742415119e-002
 -1.3422650824148592e+000  1.2494544172522165e-001
