455.000000 219.000000
30.000000 120.000000
267.000000 197.000000
367.000000 271.000000
438.000000 407.000000
272.000000 298.000000
105.000000 318.000000
498.000000 218.000000
159.000000 226.000000
170.000000 169.000000
159.000000 53.000000
411.000000 291.000000
301.000000 358.000000
3.000000 18.000000
354.000000 425.000000
190.000000 247.000000
622.000000 437.000000
142.000000 228.000000
106.000000 135.000000
134.000000 173.000000
176.000000 198.000000
234.000000 183.000000
135.000000 118.000000
56.000000 60.000000
472.000000 314.000000
270.000000 346.000000
145.000000 219.000000
546.000000 312.000000
211.000000 199.000000
154.000000 185.000000
192.000000 264.000000
155.000000 342.000000
322.000000 107.000000
538.000000 422.000000
387.000000 247.000000
170.000000 1.000000
390.000000 270.000000
148.000000 255.000000
364.000000 189.000000
141.000000 284.000000
161.000000 191.000000
344.000000 239.000000
298.000000 323.000000
283.000000 371.000000
107.000000 206.000000
601.000000 189.000000
278.000000 27.000000
121.000000 262.000000
171.000000 136.000000
198.000000 111.000000
375.000000 131.000000
177.000000 144.000000
137.000000 215.000000
23.000000 104.000000
530.000000 279.000000
234.000000 324.000000
7.000000 67.000000
58.000000 235.000000
217.000000 28.000000
255.000000 371.000000
412.000000 436.000000
61.000000 57.000000
607.000000 360.000000
249.000000 145.000000
38.000000 179.000000
86.000000 248.000000
582.000000 111.000000
87.000000 45.000000
300.000000 192.000000
91.000000 404.000000
280.000000 156.000000
190.000000 304.000000
113.000000 211.000000
183.000000 140.000000
218.000000 85.000000
383.000000 207.000000
420.000000 127.000000
199.000000 231.000000
435.000000 327.000000
171.000000 196.000000
607.000000 313.000000
127.000000 106.000000
102.000000 203.000000
505.000000 461.000000
505.000000 22.000000
499.000000 246.000000
527.000000 323.000000
291.000000 129.000000
336.000000 125.000000
11.000000 243.000000
327.000000 218.000000
434.000000 217.000000
440.000000 266.000000
571.000000 300.000000
144.000000 113.000000
242.000000 235.000000
57.000000 69.000000
593.000000 124.000000
163.000000 318.000000
147.000000 349.000000
