   4.4133569e-01  -2.2550520e-01   1.0000000e+00
   8.0803454e-01  -5.2413563e-01   2.0000000e+00
   6.3847072e-01   5.5522785e-01   2.0000000e+00
   1.8854512e-01  -8.4176859e-01   2.0000000e+00
  -8.9697765e-02   9.9394768e-01   2.0000000e+00
  -5.0835530e-01   3.8658962e-01   2.0000000e+00
  -8.6773731e-02  -4.7432547e-01   1.0000000e+00
  -4.5257209e-01   7.5125238e-01   1.0000000e+00
  -1.2002064e-01   6.7567470e-01   2.0000000e+00
   1.3517260e-01  -9.2171271e-01   2.0000000e+00
   5.9093739e-01   2.8383990e-01   2.0000000e+00
  -1.3046440e-01   9.3186774e-01   2.0000000e+00
  -7.8389963e-01   3.0919204e-01   2.0000000e+00
   1.6333039e-01   2.7403420e-01   1.0000000e+00
   2.1011514e-01  -3.7062037e-01   1.0000000e+00
  -7.9191521e-01   4.4639504e-01   2.0000000e+00
  -6.1848214e-01   7.6878317e-01   2.0000000e+00
  -4.2937179e-01   7.5571886e-01   1.0000000e+00
   6.4614531e-01  -1.5475073e-01   1.0000000e+00
  -5.6302259e-01  -1.5171258e-01   2.0000000e+00
  -6.2086487e-01  -1.2492166e-01   2.0000000e+00
  -9.9095821e-01  -1.6276589e-02   2.0000000e+00
   2.6690224e-01   8.9370484e-01   2.0000000e+00
  -5.3097331e-01  -4.5945486e-01   2.0000000e+00
   5.1220723e-01   4.0790325e-01   2.0000000e+00
   5.1044091e-01  -6.5536572e-01   2.0000000e+00
   9.1089581e-01  -1.8074281e-01   2.0000000e+00
   8.1374540e-01  -1.4417753e-01   2.0000000e+00
  -6.7079124e-01  -6.2335601e-01   2.0000000e+00
   4.8940870e-01  -2.0188901e-01   1.0000000e+00
   7.6319010e-01  -3.1354852e-01   2.0000000e+00
  -6.9455545e-01   4.2968668e-01   2.0000000e+00
  -6.3725932e-01  -4.7662957e-01   2.0000000e+00
  -2.1193710e-01  -3.7685286e-01   1.0000000e+00
  -3.2239449e-01   5.9888541e-01   1.0000000e+00
   2.0614236e-01   7.3281076e-01   2.0000000e+00
   3.8132597e-01   4.9322881e-01   2.0000000e+00
   9.4506925e-02   9.8446262e-01   2.0000000e+00
  -7.6158400e-02  -7.1046617e-01   2.0000000e+00
  -5.3892779e-01   2.7575541e-01   2.0000000e+00
   1.5430064e-01  -8.9132089e-01   2.0000000e+00
  -4.8475173e-01   8.5103388e-01   1.0000000e+00
   2.1582681e-01  -7.0113960e-01   2.0000000e+00
   4.2878482e-01   2.0646531e-01   1.0000000e+00
  -6.8793334e-01   7.1907751e-01   2.0000000e+00
  -6.9150946e-01   2.2643845e-02   2.0000000e+00
   5.3791987e-01  -7.4651536e-01   2.0000000e+00
  -5.5172234e-02  -2.4258034e-01   1.0000000e+00
  -3.5085871e-01  -4.9233107e-01   1.0000000e+00
  -4.2334565e-01   1.4141807e-01   1.0000000e+00
  -6.4009804e-01  -9.2970877e-02   2.0000000e+00
  -2.6424041e-01  -8.7648779e-01   2.0000000e+00
  -8.1453553e-01   5.1719837e-01   2.0000000e+00
   4.7046122e-01  -7.7928107e-01   2.0000000e+00
  -1.9626881e-01  -2.3438593e-01   1.0000000e+00
   1.3349344e-01  -3.7054867e-01   1.0000000e+00
  -1.7185971e-01  -4.6563950e-01   1.0000000e+00
   1.4183198e-01  -2.5684442e-01   1.0000000e+00
   3.9219629e-01   6.5313531e-01   2.0000000e+00
  -6.4907296e-01  -6.0877087e-01   2.0000000e+00
   3.1047508e-01   8.3376671e-01   2.0000000e+00
   2.5104432e-01  -7.6405176e-01   2.0000000e+00
   3.7364515e-01  -6.5034012e-01   2.0000000e+00
   2.5274407e-01   1.7217399e-01   1.0000000e+00
  -7.3646717e-01  -2.4473875e-01   2.0000000e+00
   7.7328643e-01   2.5441362e-01   2.0000000e+00
   4.4982612e-01  -1.4395333e-01   1.0000000e+00
  -4.7397830e-01   8.3858454e-02   1.0000000e+00
  -8.1623205e-01  -4.8901312e-01   2.0000000e+00
   6.8536360e-01   1.2483706e-01   1.0000000e+00
   5.8015459e-01  -6.5701783e-01   2.0000000e+00
  -5.1507818e-01   5.0378220e-01   2.0000000e+00
  -6.2382687e-04   7.0889772e-01   2.0000000e+00
   6.5051767e-01   8.3241826e-02   1.0000000e+00
   1.0062832e-01  -2.7369503e-01   1.0000000e+00
  -2.4423793e-01   7.5012573e-01   2.0000000e+00
   4.1731873e-02   8.7941289e-01   2.0000000e+00
   3.8004437e-01  -6.8622719e-01   2.0000000e+00
   4.6881235e-01   4.6859382e-01   2.0000000e+00
   4.8142196e-01  -8.2929221e-01   2.0000000e+00
  -7.0840044e-01   5.8915965e-01   2.0000000e+00
  -7.7992952e-01  -6.5971065e-02   2.0000000e+00
   2.4499542e-01  -4.5561643e-01   2.0000000e+00
   6.0342044e-01   6.3911679e-01   2.0000000e+00
   1.2848215e-02   8.0611012e-01   2.0000000e+00
   5.9667630e-01   3.3169446e-01   2.0000000e+00
  -2.8668816e-01   1.8793276e-02   1.0000000e+00
  -5.6310244e-01  -2.7964581e-01   2.0000000e+00
  -9.2483238e-02  -2.7090038e-01   1.0000000e+00
  -1.1858259e-01  -9.6106095e-01   2.0000000e+00
  -1.5912502e-01  -1.7286751e-01   1.0000000e+00
  -5.3448345e-01   2.8121666e-01   2.0000000e+00
   9.2517663e-01   3.5142367e-01   2.0000000e+00
  -8.3270060e-01  -1.7413112e-01   2.0000000e+00
  -1.4310644e-01   3.3753178e-01   1.0000000e+00
  -6.3311840e-01   2.2234601e-01   2.0000000e+00
   5.5729904e-01  -1.9137083e-01   1.0000000e+00
   4.0133564e-01  -4.7327391e-01   2.0000000e+00
  -8.8606001e-01   1.3282791e-01   2.0000000e+00
  -4.5849294e-01  -3.0939067e-01   1.0000000e+00
  -6.1719384e-02  -4.4504597e-01   1.0000000e+00
   5.2159214e-01   8.2066051e-01   2.0000000e+00
   1.2452304e-01  -3.5527368e-02   1.0000000e+00
   6.2531910e-01   2.2008889e-01   2.0000000e+00
  -2.1212317e-01  -5.7497878e-01   1.0000000e+00
  -2.5195794e-01   6.1701571e-01   1.0000000e+00
  -1.0156345e-01   9.5404780e-01   2.0000000e+00
   2.7192500e-01  -3.8708748e-01   1.0000000e+00
  -7.4571291e-01   1.6522895e-01   2.0000000e+00
   1.4911718e-01   1.4297752e-01   1.0000000e+00
   3.9871367e-01  -2.2270674e-02   1.0000000e+00
   5.8756478e-01  -6.8542919e-01   2.0000000e+00
  -1.9548421e-01   2.0428257e-01   1.0000000e+00
  -2.5063163e-01   8.7367276e-01   2.0000000e+00
  -1.0246249e-01   3.8456415e-01   1.0000000e+00
   5.2625721e-01   3.4815349e-01   2.0000000e+00
  -8.5226314e-01  -4.0457097e-01   2.0000000e+00
  -1.5704262e-01   7.9223291e-01   2.0000000e+00
  -6.6090215e-01  -5.2318528e-01   2.0000000e+00
  -4.9067316e-01  -2.7174206e-01   1.0000000e+00
  -1.8725710e-01   7.7184573e-01   2.0000000e+00
  -6.9588300e-01  -2.9750682e-01   2.0000000e+00
  -3.5789767e-01  -7.7888337e-01   1.0000000e+00
  -5.2861264e-01  -1.2026785e-01   2.0000000e+00
  -7.8768743e-02   2.1172006e-01   1.0000000e+00
  -2.2146743e-02  -5.8028368e-01   1.0000000e+00
  -6.4505312e-01  -1.4622513e-01   2.0000000e+00
   6.6703629e-01   3.3487083e-01   2.0000000e+00
  -8.8471418e-02  -5.5483437e-01   1.0000000e+00
   9.6325354e-03   6.7717716e-01   2.0000000e+00
   3.6035190e-01  -4.2300722e-01   2.0000000e+00
  -8.4764650e-01  -4.0349535e-01   2.0000000e+00
  -6.2370457e-01  -4.1158700e-01   2.0000000e+00
   3.8961490e-01   7.5395649e-01   2.0000000e+00
  -9.6058848e-01   2.5396957e-01   2.0000000e+00
   1.6883705e-01  -7.3212979e-01   2.0000000e+00
   3.3795480e-02  -8.8096957e-01   2.0000000e+00
  -9.2845974e-01   2.1527319e-01   2.0000000e+00
  -3.7081336e-01  -3.0801594e-01   1.0000000e+00
   4.4424512e-01  -4.4226213e-01   2.0000000e+00
   5.8724621e-01  -6.6395776e-02   1.0000000e+00
  -5.0792933e-01  -9.9841554e-02   2.0000000e+00
   1.9528264e-02  -8.6048692e-01   2.0000000e+00
   1.2046107e-02   7.4296044e-01   2.0000000e+00
   4.5736832e-01   8.5892918e-01   2.0000000e+00
  -4.8638311e-02   2.4435323e-03   1.0000000e+00
   4.8591719e-01  -9.9470050e-02   1.0000000e+00
  -8.8845421e-01  -4.9091071e-02   2.0000000e+00
   5.6730229e-01  -1.2635016e-01   1.0000000e+00
   8.9376827e-02   2.0428446e-01   1.0000000e+00
   5.1831422e-01  -6.7665156e-01   2.0000000e+00
   7.0612264e-01   1.4863405e-01   1.0000000e+00
  -8.6868191e-01  -1.3094043e-01   2.0000000e+00
  -5.0390043e-01  -4.8227322e-01   2.0000000e+00
   4.4695216e-02  -8.2872711e-01   2.0000000e+00
   5.0183921e-01  -5.8194359e-01   2.0000000e+00
   2.2046749e-01   4.5202048e-01   2.0000000e+00
   1.4776762e-01   7.6831390e-01   2.0000000e+00
   7.1123666e-01   2.8947912e-01   2.0000000e+00
   8.5118353e-01  -4.5119064e-01   2.0000000e+00
   3.2728421e-01   1.2156031e-02   1.0000000e+00
  -5.8708208e-01   6.9326847e-01   2.0000000e+00
  -1.4770858e-01  -1.8020736e-01   1.0000000e+00
   3.4461744e-01   2.6194101e-01   1.0000000e+00
  -1.7355252e-02   6.4439354e-01   2.0000000e+00
   4.6519530e-01   3.7004489e-01   2.0000000e+00
   2.9943268e-01   3.7225887e-01   1.0000000e+00
  -6.7417457e-01   1.3271328e-01   2.0000000e+00
  -5.5144456e-01  -3.5756915e-01   2.0000000e+00
   6.8900673e-01  -6.7963000e-01   2.0000000e+00
  -9.3911732e-01  -2.8325395e-01   2.0000000e+00
  -2.1132329e-01   1.2435983e-02   1.0000000e+00
  -2.8412671e-01  -8.4085197e-01   2.0000000e+00
  -1.6637188e-01  -8.3495704e-01   2.0000000e+00
   2.0005268e-01   4.9002081e-01   2.0000000e+00
  -4.8271224e-01   1.6158426e-01   1.0000000e+00
  -5.8133200e-01   1.3874433e-01   2.0000000e+00
  -1.3625926e-02   4.2589027e-01   1.0000000e+00
  -2.8890592e-01  -8.4756647e-01   2.0000000e+00
   8.3767833e-02  -7.6893046e-01   2.0000000e+00
  -2.4240869e-01  -5.7832835e-01   1.0000000e+00
   3.2824972e-01  -2.9959759e-01   1.0000000e+00
  -3.8578882e-01  -3.6488166e-01   1.0000000e+00
  -3.4589475e-01  -8.0201538e-01   2.0000000e+00
   1.7876522e-01   6.3197601e-01   2.0000000e+00
   6.9990300e-02  -6.3845321e-01   2.0000000e+00
   5.9583414e-01   6.6624662e-01   2.0000000e+00
   6.6039208e-01   3.2902143e-01   2.0000000e+00
   1.3466493e-03  -8.6431647e-01   2.0000000e+00
  -5.3786507e-02   6.4635654e-02   1.0000000e+00
   6.2576777e-01   1.3068812e-01   1.0000000e+00
  -5.4098128e-01   1.2411511e-01   2.0000000e+00
  -7.9250874e-01  -3.7006972e-01   2.0000000e+00
  -1.9897044e-02   9.9587664e-02   1.0000000e+00
   6.3938795e-01   3.5271790e-01   2.0000000e+00
  -1.2121200e-01  -3.9520317e-02   1.0000000e+00
  -6.0584336e-01  -4.9477375e-01   2.0000000e+00
   3.8699849e-01  -2.8732168e-01   1.0000000e+00
   5.8333082e-01  -6.2432533e-01   2.0000000e+00
   7.5227445e-01   2.3826369e-01   2.0000000e+00
  -4.3852685e-01  -2.4262581e-02   1.0000000e+00
   2.0598284e-01  -9.3020915e-01   2.0000000e+00
   4.7549592e-01   4.7370769e-01   2.0000000e+00
   8.0162658e-02   9.1874494e-01   2.0000000e+00
   7.4406882e-01   1.4257397e-01   1.0000000e+00
  -5.1649865e-01   7.4143626e-01   2.0000000e+00
   8.7653655e-01   1.8581834e-01   2.0000000e+00
   6.3168191e-01   9.0612813e-02   1.0000000e+00
   4.7686267e-01   1.8373361e-01   1.0000000e+00
  -4.1219207e-01  -6.0217615e-01   1.0000000e+00
  -5.2879333e-01  -4.3535419e-01   2.0000000e+00
  -1.5819354e-02   3.8180392e-02   1.0000000e+00
  -6.8367870e-01   3.2195431e-01   2.0000000e+00
  -8.5368417e-01  -1.2526325e-02   2.0000000e+00
   3.4156715e-01   3.7059571e-01   1.0000000e+00
  -9.1487918e-02  -3.1909158e-02   1.0000000e+00
  -7.3018689e-01   6.2345410e-01   2.0000000e+00
  -9.1543100e-01  -2.2385142e-01   2.0000000e+00
  -3.5719507e-01   7.3799253e-01   1.0000000e+00
  -5.5200253e-01   7.0293846e-02   2.0000000e+00
  -3.4871505e-01   1.1400072e-01   1.0000000e+00
   1.6143303e-01   6.4337003e-01   2.0000000e+00
  -7.7802819e-01   5.5374814e-01   2.0000000e+00
  -8.5122131e-01  -3.7308107e-01   2.0000000e+00
  -6.2365718e-01   6.4389133e-01   2.0000000e+00
   1.6571815e-01   2.1405952e-01   1.0000000e+00
  -7.6520749e-01  -2.3462272e-01   2.0000000e+00
  -1.6856755e-01   8.6891611e-01   2.0000000e+00
   2.5139559e-01   4.7118346e-01   2.0000000e+00
   7.8593863e-01  -5.2943447e-01   2.0000000e+00
   7.2283490e-01   2.9833728e-02   1.0000000e+00
   3.4937713e-01   4.9563779e-01   2.0000000e+00
  -5.4450936e-01  -2.5754446e-01   2.0000000e+00
   2.4675528e-01   5.2446803e-01   2.0000000e+00
  -6.5848065e-01  -5.7098963e-02   2.0000000e+00
   5.5547078e-01   7.9426505e-01   2.0000000e+00
   7.6724026e-01  -1.9028716e-01   2.0000000e+00
   6.1072056e-02   8.3054193e-01   2.0000000e+00
  -5.0077292e-01  -5.6757352e-02   2.0000000e+00
  -8.7972404e-01   8.2024360e-02   2.0000000e+00
  -3.6315265e-01   5.8183656e-01   1.0000000e+00
  -9.3321246e-01  -1.4565848e-01   2.0000000e+00
   3.4889600e-01  -3.9451250e-01   2.0000000e+00
   2.8549417e-01   7.5743158e-01   2.0000000e+00
   6.9891739e-01   5.4056023e-01   2.0000000e+00
   7.5503313e-01   2.6709542e-01   2.0000000e+00
   5.9318284e-01   4.6035476e-01   2.0000000e+00
   1.7349171e-01   6.3592781e-01   2.0000000e+00
   8.8632525e-01   2.9861261e-01   2.0000000e+00
  -3.7223623e-01   4.7980818e-01   1.0000000e+00
  -1.0331387e-01   8.9260229e-01   2.0000000e+00
  -2.7210966e-01   3.6812955e-01   1.0000000e+00
   3.8446398e-01  -5.6492181e-01   2.0000000e+00
   4.3733637e-01  -6.7672808e-01   2.0000000e+00
   5.9740166e-01  -2.4427606e-01   2.0000000e+00
  -2.3792431e-01  -9.5818532e-01   2.0000000e+00
  -5.8868787e-01   1.4930416e-01   2.0000000e+00
  -5.8042988e-01  -3.6055066e-01   2.0000000e+00
   2.6085222e-01  -4.6148777e-01   2.0000000e+00
  -4.6679341e-01  -7.0891089e-01   1.0000000e+00
   2.6515560e-01  -2.2286882e-01   1.0000000e+00
  -5.5060025e-01   1.1072321e-01   2.0000000e+00
  -3.0938083e-01  -2.9042274e-01   1.0000000e+00
  -5.7122834e-01   3.5142566e-01   2.0000000e+00
  -6.3412408e-01  -7.4216924e-01   2.0000000e+00
  -2.1584111e-01   9.0840449e-02   1.0000000e+00
  -7.6327581e-02   3.1060626e-01   1.0000000e+00
   7.5052023e-01   6.0618889e-01   2.0000000e+00
  -3.3657486e-01  -6.2417034e-02   1.0000000e+00
   4.7239901e-01  -3.8934301e-01   2.0000000e+00
   3.4893209e-01  -3.2656880e-01   1.0000000e+00
   1.2032138e-01  -3.9508528e-01   1.0000000e+00
  -1.6422300e-01   3.6183848e-01   1.0000000e+00
  -3.0633532e-01   3.8015666e-02   1.0000000e+00
   6.6981325e-01   1.0591558e-01   1.0000000e+00
  -4.1272710e-01   1.2170632e-02   1.0000000e+00
  -9.4076505e-01  -5.4919954e-02   2.0000000e+00
   6.3549673e-01  -1.1725872e-01   1.0000000e+00
   1.7333790e-01  -1.4215968e-01   1.0000000e+00
  -8.8556985e-01   9.5142216e-02   2.0000000e+00
  -3.9843578e-01   1.1707785e-01   1.0000000e+00
   2.6180136e-01  -2.3335481e-01   1.0000000e+00
   4.6011980e-01  -3.1224719e-01   2.0000000e+00
  -5.5818213e-01  -7.4941384e-01   2.0000000e+00
  -5.6206730e-01   1.7768876e-01   2.0000000e+00
   1.0989358e-01  -1.0775500e-01   1.0000000e+00
  -6.2573997e-01   5.6276258e-01   2.0000000e+00
  -5.0320546e-01   7.1531886e-01   2.0000000e+00
  -2.7126315e-01   6.5400174e-01   1.0000000e+00
  -6.6231245e-01   3.1287593e-01   2.0000000e+00
   5.6264520e-01  -1.7205597e-02   1.0000000e+00
   7.1093715e-01   1.4194427e-01   1.0000000e+00
  -8.5539796e-01   1.7276717e-01   2.0000000e+00
  -5.6499129e-01   1.9398333e-02   2.0000000e+00
  -8.5163662e-01   4.8002411e-01   2.0000000e+00
   4.6618268e-01  -8.6220969e-01   2.0000000e+00
   1.6379431e-01   2.7859167e-02   1.0000000e+00
  -1.5894388e-01  -3.8177985e-02   1.0000000e+00
  -3.3752317e-01  -6.8198657e-02   1.0000000e+00
   3.0723780e-01  -3.0735384e-01   1.0000000e+00
   6.5485489e-02   6.6731617e-01   2.0000000e+00
  -6.7869489e-01   5.2186160e-01   2.0000000e+00
   2.9022603e-01  -6.4882301e-01   2.0000000e+00
  -2.1637804e-01   8.1233905e-01   2.0000000e+00
   1.9982814e-01   8.5978411e-01   2.0000000e+00
  -2.8944725e-01  -7.3864553e-01   1.0000000e+00
   5.6818885e-01   5.5059702e-01   2.0000000e+00
  -4.1901758e-01  -2.7904552e-01   1.0000000e+00
   1.6228307e-01  -2.0949344e-02   1.0000000e+00
  -2.7212137e-01  -2.2426042e-01   1.0000000e+00
  -3.9622706e-01  -2.9935342e-01   1.0000000e+00
   9.5557531e-02   1.5343141e-01   1.0000000e+00
  -1.7221360e-01  -5.3665517e-02   1.0000000e+00
   5.4618533e-01   2.1251510e-01   1.0000000e+00
   2.6019060e-02   5.8649595e-01   2.0000000e+00
  -9.4675003e-02   1.3605698e-01   1.0000000e+00
   1.4169634e-01  -5.2907438e-01   2.0000000e+00
   9.3399912e-01   4.8599106e-02   2.0000000e+00
   9.7216149e-02   4.1446319e-01   1.0000000e+00
   1.3404697e-01   1.1745140e-01   1.0000000e+00
   2.2471249e-01   8.0694848e-01   2.0000000e+00
   6.4738443e-01   3.0633135e-01   2.0000000e+00
  -4.1855677e-01  -7.0073510e-02   1.0000000e+00
   7.6044397e-01   4.8973679e-01   2.0000000e+00
   1.7738530e-02   3.0279028e-01   1.0000000e+00
   6.3642101e-01  -5.9177681e-01   2.0000000e+00
   1.5218352e-02  -6.4101031e-01   2.0000000e+00
   3.8043401e-01  -3.6992842e-01   2.0000000e+00
  -1.9200387e-01   7.0795268e-01   2.0000000e+00
  -9.5793038e-01  -2.4400625e-01   2.0000000e+00
   5.9066928e-01  -7.1800389e-01   2.0000000e+00
   7.6853261e-01   1.8770140e-01   2.0000000e+00
   4.9518683e-01  -1.5442848e-01   1.0000000e+00
  -9.3370530e-01   3.1689462e-01   2.0000000e+00
  -8.0921074e-01  -6.6230831e-02   2.0000000e+00
  -7.3752634e-01   4.4408520e-01   2.0000000e+00
   2.6249701e-01  -6.3674193e-01   2.0000000e+00
  -6.4777025e-01  -4.6484672e-01   2.0000000e+00
  -7.5383872e-01   1.7361101e-01   2.0000000e+00
  -3.0181476e-01   9.5309021e-01   2.0000000e+00
   5.5060723e-01  -1.4702020e-01   1.0000000e+00
   1.0064871e-01  -7.0198803e-02   1.0000000e+00
   2.2031063e-01   7.5752693e-01   2.0000000e+00
  -3.2869048e-01  -4.4138760e-01   1.0000000e+00
  -7.2588807e-01  -3.8638510e-01   2.0000000e+00
   3.7498662e-01   9.0477099e-01   2.0000000e+00
  -7.7886696e-01  -5.6513372e-01   2.0000000e+00
  -3.1841733e-01  -7.5207165e-01   1.0000000e+00
  -2.9477693e-01  -4.6114847e-01   1.0000000e+00
  -3.8205868e-01   7.2842847e-01   1.0000000e+00
  -3.0085102e-01  -4.7844314e-01   1.0000000e+00
   4.2368346e-01   1.2762762e-01   1.0000000e+00
   3.6886504e-01   5.5210781e-01   2.0000000e+00
   3.2942479e-01  -6.1424058e-01   2.0000000e+00
  -3.5585190e-01   3.1308031e-01   1.0000000e+00
  -7.6049648e-01   2.3131530e-01   2.0000000e+00
   1.3048976e-01  -8.5798675e-01   2.0000000e+00
   5.9073030e-01   2.8093501e-01   2.0000000e+00
  -1.1703908e-01   9.5194683e-01   2.0000000e+00
  -3.7320284e-01   1.3131972e-01   1.0000000e+00
  -8.0363156e-01  -3.4347531e-01   2.0000000e+00
  -9.3591118e-01  -2.2177649e-02   2.0000000e+00
  -6.8804162e-01  -6.9333477e-01   2.0000000e+00
  -3.3091754e-01   4.1865322e-01   1.0000000e+00
  -4.0947127e-01   4.3490950e-01   1.0000000e+00
   8.6960866e-01   2.6760294e-01   2.0000000e+00
   9.5190593e-02   7.2966088e-01   2.0000000e+00
  -2.3041513e-01   9.2467506e-01   2.0000000e+00
   6.3341630e-01  -2.2442432e-01   2.0000000e+00
  -1.5326345e-01  -7.0375506e-01   2.0000000e+00
   5.1348246e-01  -3.0338577e-01   2.0000000e+00
   1.6036808e-01  -7.8311547e-01   2.0000000e+00
  -5.9366853e-01   7.8037275e-01   2.0000000e+00
  -2.9726893e-01   5.3172486e-01   1.0000000e+00
  -3.1044952e-01  -2.2832026e-01   1.0000000e+00
   6.1988311e-01   4.7434644e-01   2.0000000e+00
  -3.4607008e-01  -1.1217252e-01   1.0000000e+00
  -1.5929414e-01   2.5539503e-01   1.0000000e+00
  -2.1070445e-01  -5.3768829e-01   1.0000000e+00
   4.3982230e-01   4.5321359e-01   2.0000000e+00
   2.0334111e-02  -5.1919554e-01   1.0000000e+00
   3.1122760e-01  -5.5646681e-01   2.0000000e+00
  -2.7298129e-01  -6.4582834e-02   1.0000000e+00
   4.8334597e-01   5.2260804e-01   2.0000000e+00
   5.1985425e-01   6.0596357e-02   1.0000000e+00
   5.2737189e-02  -9.1921517e-01   2.0000000e+00
  -7.3911736e-01  -1.8231111e-01   2.0000000e+00
   5.1176716e-01  -9.3921839e-02   1.0000000e+00
   1.9653621e-01   1.9215672e-01   1.0000000e+00
   7.5889340e-01  -3.3280508e-01   2.0000000e+00
  -7.9401843e-01   5.2542110e-01   2.0000000e+00
   2.9027457e-01   3.1977269e-02   1.0000000e+00
   5.9033468e-01   6.8141129e-01   2.0000000e+00
  -8.0343283e-02   6.6212295e-01   2.0000000e+00
  -1.6925076e-02   8.7962957e-01   2.0000000e+00
   2.5759269e-01   6.0091507e-01   2.0000000e+00
  -7.4674610e-04  -4.9177698e-01   1.0000000e+00
   4.1546025e-01   9.0204123e-01   2.0000000e+00
   3.2153627e-01   3.9903296e-01   2.0000000e+00
  -1.5056132e-01  -7.2486877e-01   2.0000000e+00
  -1.8952124e-01   5.1582590e-01   1.0000000e+00
  -7.3320435e-01   2.8415237e-01   2.0000000e+00
   5.3129928e-02   4.1978595e-01   1.0000000e+00
  -9.5314891e-01   6.8637574e-02   2.0000000e+00
  -9.1942526e-04   4.7193392e-01   1.0000000e+00
   2.8813020e-01   5.5454134e-01   2.0000000e+00
  -4.8514947e-01   1.7663186e-01   1.0000000e+00
   2.3254957e-01  -6.9332947e-02   1.0000000e+00
   9.3014859e-01  -2.9013020e-02   1.0000000e+00
   8.3339342e-02  -7.3019482e-01   2.0000000e+00
   1.1609295e-01   6.0939990e-01   2.0000000e+00
  -6.4763654e-02  -6.6977925e-01   2.0000000e+00
   3.4685418e-02   9.5436135e-01   2.0000000e+00
  -6.5752359e-02  -1.8312289e-01   1.0000000e+00
  -3.8482655e-01   2.6048917e-01   1.0000000e+00
   8.5703369e-03   4.7986322e-01   1.0000000e+00
  -4.8315659e-02  -4.7386119e-01   1.0000000e+00
  -3.9582775e-01   8.5610946e-01   2.0000000e+00
  -8.0888623e-01   9.4218554e-02   2.0000000e+00
  -3.5746314e-02   4.7309152e-01   1.0000000e+00
   6.2468420e-01   7.5306185e-01   2.0000000e+00
   2.3493115e-01  -2.9810976e-01   1.0000000e+00
  -9.6895628e-03  -5.8525252e-01   2.0000000e+00
  -2.2521818e-01  -5.8446509e-01   1.0000000e+00
  -4.3725773e-01  -6.0409380e-01   1.0000000e+00
  -8.1802897e-01  -5.1574210e-01   2.0000000e+00
   1.3810125e-01   4.3485591e-01   1.0000000e+00
   7.0701375e-01  -3.3637049e-01   2.0000000e+00
   5.3885215e-02   5.9649689e-02   1.0000000e+00
  -9.6507768e-01  -1.3597051e-01   2.0000000e+00
  -6.6485696e-01  -1.4098914e-02   2.0000000e+00
   1.3024473e-01   6.6279860e-02   1.0000000e+00
  -2.9200931e-01   1.8577760e-01   1.0000000e+00
  -6.9581164e-01  -3.7274874e-01   2.0000000e+00
   2.8871212e-01   2.3647375e-01   1.0000000e+00
  -6.2185763e-01   6.8903096e-01   2.0000000e+00
  -4.0646439e-01  -6.3971610e-01   1.0000000e+00
  -2.0872625e-01  -9.6366992e-01   2.0000000e+00
  -1.9418316e-01  -2.3166498e-01   1.0000000e+00
   4.6891708e-01  -2.2971822e-01   1.0000000e+00
  -2.2545662e-01  -4.4431432e-01   1.0000000e+00
   1.9785217e-01   6.5397834e-01   2.0000000e+00
   2.6278648e-02   5.3685339e-01   1.0000000e+00
  -2.0988463e-01  -8.5430282e-01   2.0000000e+00
  -3.7628175e-01   1.3032141e-01   1.0000000e+00
  -2.5642063e-01  -2.0892102e-01   1.0000000e+00
  -3.0488439e-01   4.4056547e-01   1.0000000e+00
  -7.7431259e-01  -2.6271860e-01   2.0000000e+00
  -9.4821562e-02   2.3655793e-01   1.0000000e+00
   8.6037358e-01  -2.1948360e-01   2.0000000e+00
  -6.2698245e-01  -6.3196284e-01   2.0000000e+00
  -6.8719154e-01  -2.0341024e-02   2.0000000e+00
   4.2668017e-02  -3.3128002e-01   1.0000000e+00
   1.3636031e-01  -9.2947916e-02   1.0000000e+00
   2.0795085e-01  -7.5716551e-01   2.0000000e+00
  -1.0295119e-01   4.5905022e-01   1.0000000e+00
  -1.3056450e-01  -1.3531635e-02   1.0000000e+00
  -5.0004290e-01  -4.4005981e-01   2.0000000e+00
   8.3817752e-01  -4.4634603e-01   2.0000000e+00
  -6.9309257e-01   4.5042862e-01   2.0000000e+00
  -4.0604112e-01  -8.4956869e-01   2.0000000e+00
  -8.6700204e-01  -2.8141177e-01   2.0000000e+00
   5.6578163e-01  -7.5457274e-01   2.0000000e+00
  -3.4387911e-01   2.5061595e-01   1.0000000e+00
   1.7566180e-01   7.5176207e-01   2.0000000e+00
   7.9157324e-01  -3.8112578e-01   2.0000000e+00
   5.5755524e-01  -1.6898007e-02   1.0000000e+00
   2.2649795e-01  -7.3944472e-01   2.0000000e+00
  -1.2138378e-01  -2.1591579e-01   1.0000000e+00
  -7.4199562e-01   1.3371888e-01   2.0000000e+00
  -5.8058045e-01   2.8134280e-01   2.0000000e+00
  -4.8141795e-01   7.4861380e-01   1.0000000e+00
   1.4638391e-01   4.6112993e-01   1.0000000e+00
  -1.7443667e-01   9.8768984e-02   1.0000000e+00
  -3.6318448e-01   1.3447845e-01   1.0000000e+00
  -4.4692137e-01  -5.0468731e-01   1.0000000e+00
  -6.4865905e-01   4.2687524e-02   2.0000000e+00
  -3.9266740e-01  -5.7509318e-01   1.0000000e+00
   6.2241785e-01   5.1123765e-01   2.0000000e+00
  -1.2407700e-01   5.0229840e-01   1.0000000e+00
  -1.4664906e-01   8.9286929e-01   2.0000000e+00
  -5.3288166e-01  -4.7983481e-01   2.0000000e+00
  -4.6286986e-02   1.6351884e-01   1.0000000e+00
  -9.3367493e-01   3.4859580e-01   2.0000000e+00
  -5.4870957e-01  -4.7004738e-01   2.0000000e+00
   2.0905107e-01  -9.0820014e-01   2.0000000e+00
  -6.7886839e-01   2.0624406e-01   2.0000000e+00
   1.8699451e-01   7.4140515e-02   1.0000000e+00
   6.3666895e-02  -3.8684016e-01   1.0000000e+00
  -3.0989175e-01   2.3413521e-01   1.0000000e+00
  -5.4008640e-01  -7.3841937e-01   2.0000000e+00
   7.2467351e-01   1.2505641e-01   1.0000000e+00
  -4.9534902e-01  -8.0326510e-01   1.0000000e+00
   8.1448193e-01  -4.8089115e-01   2.0000000e+00
   2.0558288e-02  -1.6759213e-01   1.0000000e+00
  -4.9686154e-01  -3.3427781e-01   1.0000000e+00
  -8.8049727e-01  -3.4977919e-01   2.0000000e+00
   8.7814427e-01   2.7193153e-01   2.0000000e+00
  -1.4674524e-01  -6.9965955e-01   2.0000000e+00
   6.8342830e-01  -6.8880689e-01   2.0000000e+00
   1.6992020e-01   7.6477592e-01   2.0000000e+00
   6.5581054e-01  -7.6473244e-02   1.0000000e+00
   1.8995161e-01   7.1119147e-01   2.0000000e+00
  -5.3449904e-01   6.8161932e-01   2.0000000e+00
   8.0279391e-03  -5.8930155e-01   2.0000000e+00
  -1.7222392e-01   8.7949929e-01   2.0000000e+00
  -3.4462242e-01  -2.7786746e-01   1.0000000e+00
  -6.3889384e-01  -2.4293324e-01   2.0000000e+00
  -7.5147584e-01  -5.8014251e-01   2.0000000e+00
   9.1077116e-01  -3.8482793e-01   2.0000000e+00
  -2.1256235e-01   8.3223053e-01   2.0000000e+00
   3.0630118e-01  -2.3350511e-01   1.0000000e+00
  -2.0624846e-01  -5.0694146e-01   1.0000000e+00
  -5.1234310e-01   4.3064156e-01   2.0000000e+00
   3.9977336e-01  -2.8373142e-01   1.0000000e+00
  -5.1532162e-01  -3.5599854e-01   2.0000000e+00
  -3.7848783e-01   5.8265009e-01   1.0000000e+00
  -4.1440647e-01   1.7071951e-02   1.0000000e+00
   5.6800528e-01   2.9162745e-01   2.0000000e+00
  -1.4169531e-02   4.4536737e-01   1.0000000e+00
  -2.9832581e-01  -3.2554484e-01   1.0000000e+00
  -6.7199937e-01   5.3076536e-01   2.0000000e+00
   8.7229929e-01   2.8751046e-01   2.0000000e+00
   2.0978653e-01   7.6511354e-01   2.0000000e+00
   9.5179121e-01   7.3924077e-02   2.0000000e+00
   5.2065274e-01  -7.2951115e-02   1.0000000e+00
  -7.7366836e-01  -4.5478842e-01   2.0000000e+00
   6.1787785e-02   9.3551445e-01   2.0000000e+00
  -9.7860974e-01  -1.5878948e-01   2.0000000e+00
   4.6186732e-01   3.6738971e-01   2.0000000e+00
  -2.9474902e-01  -5.2536128e-01   1.0000000e+00
  -9.2885517e-01   7.9625961e-02   2.0000000e+00
   9.7386620e-02  -5.6628030e-01   2.0000000e+00
  -7.1020721e-01   2.2759631e-01   2.0000000e+00
  -1.8254773e-01  -2.5649487e-02   1.0000000e+00
   5.5222844e-01  -7.2411140e-01   2.0000000e+00
   5.9378949e-01  -5.1930812e-02   1.0000000e+00
   5.2360128e-01   7.1538628e-01   2.0000000e+00
   2.6899867e-01  -3.8856655e-01   1.0000000e+00
  -7.0964645e-01  -6.5704832e-01   2.0000000e+00
  -6.0261168e-01   2.9123352e-01   2.0000000e+00
  -3.0043203e-01  -9.1119159e-01   2.0000000e+00
   1.8870889e-01  -4.7865670e-02   1.0000000e+00
  -8.6932458e-01   5.8888181e-02   2.0000000e+00
   3.5230988e-01   1.1308106e-01   1.0000000e+00
  -6.4742077e-01   4.5184119e-02   2.0000000e+00
   8.8084282e-01   2.4537810e-01   2.0000000e+00
   2.9490400e-01  -8.6146645e-01   2.0000000e+00
  -5.5389702e-01  -2.3936147e-01   2.0000000e+00
  -5.8234405e-01  -7.0179338e-01   2.0000000e+00
  -1.4756757e-01  -5.5165931e-01   1.0000000e+00
  -7.4181935e-01   5.1527508e-01   2.0000000e+00
   4.2159456e-01  -6.8702597e-01   2.0000000e+00
   6.6821620e-01   4.0050356e-01   2.0000000e+00
   4.9723632e-01   1.7762101e-01   1.0000000e+00
   7.2717213e-01  -2.2172306e-01   2.0000000e+00
  -2.5990074e-01   7.0010604e-02   1.0000000e+00
  -7.4267334e-02   4.3448869e-01   1.0000000e+00
  -8.5533623e-02   6.8626133e-01   2.0000000e+00
  -2.9189969e-01  -5.8062247e-02   1.0000000e+00
   6.1948236e-01  -3.2718157e-01   2.0000000e+00
  -8.1960665e-01  -2.0943542e-03   2.0000000e+00
  -8.9337919e-01   6.5504397e-02   2.0000000e+00
   8.0486244e-01   4.7480559e-01   2.0000000e+00
  -1.6271641e-01  -1.7864793e-01   1.0000000e+00
  -4.4519670e-01  -1.7750082e-01   1.0000000e+00
  -5.4738989e-01  -2.9611065e-01   2.0000000e+00
   9.5246237e-01   2.0101857e-01   2.0000000e+00
   7.3464959e-02   4.9885228e-01   1.0000000e+00
  -1.8436284e-01   9.8242885e-01   2.0000000e+00
   1.6104629e-01   1.9871398e-01   1.0000000e+00
  -6.8067398e-01   2.2923493e-01   2.0000000e+00
   6.1681171e-01   8.2742131e-02   1.0000000e+00
   3.9623908e-01  -2.0460666e-01   1.0000000e+00
   4.1355591e-01  -3.5201776e-01   2.0000000e+00
   1.1372260e-01   8.6509144e-01   2.0000000e+00
  -3.4268609e-01  -1.1805255e-01   1.0000000e+00
   2.5789211e-01  -9.6123922e-01   2.0000000e+00
  -5.7802683e-01   2.0040475e-01   2.0000000e+00
  -5.1818590e-03  -4.4534343e-01   1.0000000e+00
   2.7284948e-01   1.8590209e-01   1.0000000e+00
   2.6086713e-01  -5.7450248e-01   2.0000000e+00
  -4.9106956e-01   1.5338045e-02   1.0000000e+00
   5.0333572e-01  -1.7955123e-01   1.0000000e+00
   6.7187256e-01  -3.1427032e-01   2.0000000e+00
  -7.5110358e-01  -2.1074064e-01   2.0000000e+00
  -1.5634188e-01   5.8887374e-01   1.0000000e+00
  -6.8160528e-01  -2.7201794e-01   2.0000000e+00
   9.1294043e-01  -3.1721119e-01   2.0000000e+00
  -2.0087904e-01  -3.8275487e-01   1.0000000e+00
   5.0869896e-01  -6.7749132e-01   2.0000000e+00
   4.2612870e-01   1.4516948e-01   1.0000000e+00
   8.6089856e-01  -2.5873555e-01   2.0000000e+00
   4.7636413e-01   8.3859875e-01   2.0000000e+00
   3.7648055e-01  -3.9490079e-01   2.0000000e+00
   9.9763499e-02   9.8176709e-01   2.0000000e+00
  -1.6166847e-01  -5.6502946e-01   1.0000000e+00
  -2.8023834e-01   3.0359118e-01   1.0000000e+00
   6.6981238e-01   1.9229300e-01   2.0000000e+00
   6.8172157e-01   1.5992660e-01   1.0000000e+00
  -5.8426614e-01   5.4782386e-01   2.0000000e+00
   5.5269944e-02  -7.7393026e-01   2.0000000e+00
   5.5810874e-01   1.7400429e-01   1.0000000e+00
  -5.5245741e-01   5.5987736e-01   2.0000000e+00
   4.8721329e-01   1.2203861e-01   1.0000000e+00
  -3.7177182e-01  -4.0449497e-01   1.0000000e+00
   6.5433044e-01  -2.4362336e-02   1.0000000e+00
  -2.5844276e-02   3.0036895e-01   1.0000000e+00
   7.3803115e-01   2.2763610e-01   2.0000000e+00
   8.4424416e-01   2.8196001e-02   1.0000000e+00
   2.5914314e-02  -5.8495121e-02   1.0000000e+00
   1.5502383e-01  -3.9274302e-01   1.0000000e+00
   3.2941718e-01  -4.7611855e-01   2.0000000e+00
  -9.6065810e-02  -4.5699542e-01   1.0000000e+00
  -1.8791133e-01  -2.9842931e-01   1.0000000e+00
  -2.1280982e-01  -7.7275154e-01   2.0000000e+00
  -4.7046415e-01   6.5714038e-02   1.0000000e+00
  -6.6719513e-01  -6.2435053e-01   2.0000000e+00
  -7.1397989e-01   1.3743238e-01   2.0000000e+00
  -7.1169920e-01   4.5757074e-01   2.0000000e+00
  -7.8569009e-01   3.4214055e-01   2.0000000e+00
  -2.1704113e-01  -2.0534950e-03   1.0000000e+00
  -4.5541712e-02  -1.1644183e-01   1.0000000e+00
   5.2234911e-01   4.8923810e-01   2.0000000e+00
  -4.6673275e-01   7.9351943e-01   1.0000000e+00
   7.6795639e-01   5.8900777e-01   2.0000000e+00
  -3.0154791e-01  -6.5458891e-01   1.0000000e+00
  -2.6110820e-01   5.7933886e-01   1.0000000e+00
  -7.7283715e-02  -2.2355105e-01   1.0000000e+00
  -4.7168798e-01   3.3751221e-01   1.0000000e+00
  -3.7358222e-01   4.2773037e-01   1.0000000e+00
   1.4039681e-01  -9.4602778e-01   2.0000000e+00
   9.4502176e-01  -2.3013262e-01   2.0000000e+00
   1.9787011e-02  -2.7283338e-01   1.0000000e+00
   2.8764064e-01   6.5256062e-01   2.0000000e+00
   6.6166748e-02  -7.2141865e-01   2.0000000e+00
  -1.3435494e-01   8.9005144e-01   2.0000000e+00
   1.6551059e-01   2.0406292e-01   1.0000000e+00
  -9.1720697e-01   1.4849270e-01   2.0000000e+00
  -3.7007617e-02   2.2560600e-01   1.0000000e+00
   1.1130260e-01  -2.5057057e-01   1.0000000e+00
   1.6409367e-01   3.6772530e-01   1.0000000e+00
   4.7614021e-01   7.2076196e-01   2.0000000e+00
  -2.6639333e-01   8.3527717e-01   2.0000000e+00
   4.7374783e-02   9.3614628e-01   2.0000000e+00
   3.8973020e-01   1.3308129e-01   1.0000000e+00
  -3.6614759e-01   6.6878240e-01   1.0000000e+00
   2.7878169e-01  -7.2158072e-01   2.0000000e+00
   3.0195145e-01   5.8140738e-01   2.0000000e+00
   1.4671529e-01  -7.5961292e-01   2.0000000e+00
  -4.5884271e-01  -5.5793216e-01   1.0000000e+00
  -7.5573210e-01  -3.1170533e-01   2.0000000e+00
   2.4701845e-01  -4.6763903e-01   2.0000000e+00
   1.7656769e-01   8.4480774e-01   2.0000000e+00
   3.2910030e-01   4.7603287e-02   1.0000000e+00
  -7.2359018e-01  -1.4603830e-01   2.0000000e+00
   5.6978178e-01   4.4640943e-01   2.0000000e+00
  -8.5495912e-01  -1.9662832e-01   2.0000000e+00
   5.5680768e-01   8.0838748e-01   2.0000000e+00
   3.5303971e-01   4.6458110e-02   1.0000000e+00
   8.9489234e-01  -3.3903142e-01   2.0000000e+00
   2.8386478e-01   7.3403148e-01   2.0000000e+00
   5.3373037e-01  -1.7560812e-01   1.0000000e+00
  -7.0413166e-01   9.3971547e-03   2.0000000e+00
  -8.2388965e-01  -2.6432438e-01   2.0000000e+00
  -6.1660704e-01  -7.7382345e-02   2.0000000e+00
  -3.0507656e-01   2.1289415e-01   1.0000000e+00
  -4.3363238e-01  -5.0750045e-01   1.0000000e+00
   7.6477789e-01  -1.7573053e-01   2.0000000e+00
  -5.4247622e-01   2.2738591e-01   2.0000000e+00
   4.2078507e-01  -5.4625753e-01   2.0000000e+00
  -6.3863246e-01  -2.5457803e-01   2.0000000e+00
   2.6962770e-01  -1.7030888e-01   1.0000000e+00
   6.7598382e-01   4.1119750e-01   2.0000000e+00
  -4.4402931e-01  -1.2222744e-01   1.0000000e+00
  -5.8650732e-01  -5.1300552e-01   2.0000000e+00
  -2.4413180e-01  -1.6427117e-03   1.0000000e+00
  -2.5732966e-01   5.8430470e-02   1.0000000e+00
  -8.1107416e-01  -3.0038744e-01   2.0000000e+00
  -3.2295949e-01  -6.4307344e-02   1.0000000e+00
  -1.3869682e-02   7.5878625e-01   2.0000000e+00
   8.2543043e-01   1.9248004e-01   2.0000000e+00
   3.7301479e-02  -3.3025077e-01   1.0000000e+00
  -6.8476866e-01   3.8060635e-01   2.0000000e+00
   4.7802577e-01   4.6115372e-01   2.0000000e+00
   6.1901064e-02  -9.0287501e-01   2.0000000e+00
  -5.9321845e-01  -2.2728174e-01   2.0000000e+00
  -2.8636549e-01   6.9720013e-01   1.0000000e+00
   1.1136906e-01  -1.9636334e-01   1.0000000e+00
  -1.4307552e-01  -7.5574505e-01   2.0000000e+00
   9.2668363e-01   1.6570109e-01   2.0000000e+00
   1.7806902e-01   9.4059954e-01   2.0000000e+00
   7.7518961e-01  -1.6670379e-01   2.0000000e+00
   5.3231129e-01  -3.3137436e-01   2.0000000e+00
  -7.6864017e-01   8.7530877e-02   2.0000000e+00
  -5.0736471e-01  -4.4430949e-02   2.0000000e+00
   6.9686287e-01  -2.5225273e-01   2.0000000e+00
  -3.2510678e-01   8.0525265e-01   2.0000000e+00
  -3.2069425e-01   6.0835609e-01   1.0000000e+00
  -6.6940454e-01   1.0895082e-01   2.0000000e+00
   5.1675362e-03   5.3361555e-01   1.0000000e+00
  -2.1337146e-01  -6.2278475e-01   1.0000000e+00
  -1.3651834e-01  -5.8735402e-01   1.0000000e+00
   4.7029277e-01   5.9973758e-01   2.0000000e+00
  -1.5021075e-01   9.0376105e-01   2.0000000e+00
  -6.6577870e-01   1.3405393e-01   2.0000000e+00
   8.3459652e-01  -1.6055651e-01   2.0000000e+00
   9.8365338e-03  -1.1058269e-01   1.0000000e+00
  -5.4089441e-02   8.4076463e-01   2.0000000e+00
   6.9920627e-01   4.3298030e-01   2.0000000e+00
   6.1696997e-02  -6.5491531e-01   2.0000000e+00
  -2.2013720e-01   7.4823229e-01   2.0000000e+00
  -8.9773816e-01   2.1523715e-01   2.0000000e+00
  -4.7461963e-01   4.9171912e-01   1.0000000e+00
   6.3893648e-02   6.5921758e-01   2.0000000e+00
  -7.8270530e-01  -4.1721355e-01   2.0000000e+00
   8.4064825e-01  -2.2659349e-01   2.0000000e+00
   1.6552532e-01  -1.2183041e-01   1.0000000e+00
  -6.9516907e-01  -3.6861558e-01   2.0000000e+00
  -4.3021102e-01   7.6870269e-02   1.0000000e+00
  -3.3003481e-01  -9.3793061e-01   2.0000000e+00
   6.7883579e-01   5.1619698e-01   2.0000000e+00
  -5.0239930e-01   6.0730713e-01   2.0000000e+00
  -5.0911856e-01   4.9983655e-01   2.0000000e+00
  -5.2190620e-01  -7.8638651e-01   2.0000000e+00
   8.8679755e-01  -2.7110459e-01   2.0000000e+00
   1.6408107e-01  -8.9004439e-01   2.0000000e+00
  -2.3065304e-01   2.9042335e-01   1.0000000e+00
   5.4497567e-01  -6.6620421e-01   2.0000000e+00
  -4.0427337e-01  -5.6101230e-01   1.0000000e+00
  -3.3290527e-01  -4.2920413e-01   1.0000000e+00
  -6.9623411e-01  -2.7049180e-01   2.0000000e+00
   8.0427237e-02  -6.3048570e-01   2.0000000e+00
  -8.4916240e-01   4.0282201e-01   2.0000000e+00
   6.9960180e-01  -3.0551915e-01   2.0000000e+00
  -3.9000450e-01   8.2469323e-01   2.0000000e+00
  -7.3105803e-01  -4.0407728e-01   2.0000000e+00
  -1.5813108e-01   9.6376013e-02   1.0000000e+00
  -4.1516764e-01   4.0818189e-01   1.0000000e+00
  -2.6084458e-01   3.4122362e-01   1.0000000e+00
  -3.4112062e-01  -2.1086810e-03   1.0000000e+00
   4.6382158e-01   6.0451522e-01   2.0000000e+00
  -4.1791785e-01  -2.5653548e-01   1.0000000e+00
  -2.8158772e-01  -8.2259420e-01   2.0000000e+00
   7.8837257e-02  -7.3030909e-01   2.0000000e+00
  -5.1673856e-01  -6.9895096e-02   2.0000000e+00
  -1.1124255e-01  -7.6376159e-01   2.0000000e+00
  -8.2219296e-01  -3.4740994e-01   2.0000000e+00
   8.2394207e-01   4.1507503e-01   2.0000000e+00
   3.7401713e-01   6.3175704e-02   1.0000000e+00
  -5.6169566e-01   7.2466241e-01   2.0000000e+00
   9.7808147e-01   4.3680407e-02   2.0000000e+00
  -4.5759895e-02  -9.4319945e-01   2.0000000e+00
   8.3966715e-01  -1.7494399e-02   1.0000000e+00
   9.5440516e-02   5.7531885e-01   2.0000000e+00
  -2.5085933e-01  -6.0726077e-01   1.0000000e+00
  -3.0637366e-01  -9.3963444e-02   1.0000000e+00
   8.7756719e-01  -3.1917186e-01   2.0000000e+00
   7.9810226e-01   3.7970625e-01   2.0000000e+00
  -3.3706447e-01   6.5645416e-01   1.0000000e+00
   2.5150773e-01   5.3434415e-01   2.0000000e+00
  -1.4858423e-01   7.5724502e-01   2.0000000e+00
  -7.4067946e-01   6.0018224e-01   2.0000000e+00
   5.2360472e-01   3.3464699e-01   2.0000000e+00
   5.4380844e-01  -3.9275569e-01   2.0000000e+00
   4.2275992e-01   4.8746462e-02   1.0000000e+00
  -5.8574197e-01   4.8958815e-01   2.0000000e+00
   7.6750382e-01   3.6072314e-01   2.0000000e+00
  -3.1782249e-01   6.9959306e-01   1.0000000e+00
   7.1000412e-02   9.1326672e-01   2.0000000e+00
   6.4176638e-01  -2.8087042e-01   2.0000000e+00
  -5.7753324e-01  -9.0457227e-02   2.0000000e+00
  -1.2462748e-01  -8.7517339e-01   2.0000000e+00
   7.4204325e-01  -2.0100603e-01   2.0000000e+00
   6.3735868e-01  -2.4079471e-01   2.0000000e+00
  -7.3833000e-01  -2.3157692e-01   2.0000000e+00
   7.4726243e-01  -2.5619724e-01   2.0000000e+00
  -8.5317084e-01  -2.5870532e-01   2.0000000e+00
  -5.3817414e-01  -1.6180848e-01   2.0000000e+00
  -1.5820530e-01   7.3277358e-02   1.0000000e+00
   6.8821108e-01  -4.1207475e-01   2.0000000e+00
   2.4312778e-01   8.3061736e-01   2.0000000e+00
  -2.3307969e-01  -5.4451274e-01   1.0000000e+00
  -1.5648337e-01  -5.7078138e-01   1.0000000e+00
  -1.2639979e-01   2.6435440e-01   1.0000000e+00
   9.3118715e-01   3.1024644e-01   2.0000000e+00
  -3.9628256e-01  -6.0976944e-01   1.0000000e+00
  -7.3761433e-01  -6.5174505e-01   2.0000000e+00
  -5.1547740e-01  -5.1242339e-02   2.0000000e+00
   8.7078371e-01  -1.6374730e-02   1.0000000e+00
   5.0293591e-01   4.5866580e-01   2.0000000e+00
   7.4906069e-01   1.9142847e-01   2.0000000e+00
  -1.8573288e-01   5.0366947e-01   1.0000000e+00
  -1.1392781e-01  -5.7697670e-01   1.0000000e+00
  -2.7007004e-02   5.6084549e-01   1.0000000e+00
  -5.8123688e-02  -4.8484441e-01   1.0000000e+00
  -5.2116000e-01   7.8669024e-02   2.0000000e+00
  -1.6543617e-01   8.6170032e-01   2.0000000e+00
   6.1294580e-01   2.1481621e-01   1.0000000e+00
  -9.5115610e-01   1.3500820e-01   2.0000000e+00
  -4.7925475e-01   5.0297369e-02   1.0000000e+00
  -4.3427841e-01  -7.3239253e-01   1.0000000e+00
   8.0238854e-01   9.7910560e-02   1.0000000e+00
   1.0513762e-01  -6.4767610e-01   2.0000000e+00
   1.4520790e-01  -5.4057397e-01   2.0000000e+00
  -9.3051571e-01   1.8593525e-01   2.0000000e+00
  -3.8575232e-01  -4.8737414e-01   1.0000000e+00
   3.7535541e-01   6.0658891e-01   2.0000000e+00
  -5.6787913e-02   7.4939871e-01   2.0000000e+00
   1.0116846e-01  -2.2538928e-01   1.0000000e+00
   1.5934015e-01  -8.4713026e-01   2.0000000e+00
  -2.1505899e-01   6.0292539e-01   1.0000000e+00
  -3.9692340e-01   7.9616589e-01   1.0000000e+00
   4.5867786e-01   4.4131488e-01   2.0000000e+00
   1.3646549e-01  -4.9075056e-01   1.0000000e+00
   3.5152886e-01  -4.9594009e-01   2.0000000e+00
  -5.0482563e-01   3.1086563e-02   2.0000000e+00
   6.6282889e-01  -4.6871530e-01   2.0000000e+00
  -4.2046620e-01  -3.1099256e-01   1.0000000e+00
  -4.3943913e-01  -2.5955015e-01   1.0000000e+00
   6.1712148e-01  -4.5921618e-01   2.0000000e+00
   6.5364793e-01   5.3612284e-01   2.0000000e+00
  -5.5563142e-01  -9.0930109e-03   2.0000000e+00
  -3.6207400e-02   7.0015185e-01   2.0000000e+00
  -4.7744862e-01  -8.7483534e-01   2.0000000e+00
   1.6771990e-01   8.7106001e-01   2.0000000e+00
  -4.7751346e-01  -9.9460567e-03   1.0000000e+00
   4.2282313e-01  -2.4979120e-01   1.0000000e+00
  -4.1808072e-01  -2.9192217e-01   1.0000000e+00
   2.2580780e-01  -3.2888484e-01   1.0000000e+00
  -7.7250765e-01  -2.4769149e-01   2.0000000e+00
  -4.2345873e-01  -2.5968699e-01   1.0000000e+00
  -2.2755195e-01   4.9414548e-01   1.0000000e+00
  -9.5898390e-01  -2.5858392e-03   2.0000000e+00
   3.3948059e-02   8.3416962e-01   2.0000000e+00
   4.3943908e-04   6.1575623e-01   2.0000000e+00
  -1.3749557e-01  -3.1859110e-01   1.0000000e+00
  -9.8740982e-01  -8.8659169e-02   2.0000000e+00
   8.1846454e-01   5.6328932e-01   2.0000000e+00
  -5.1437164e-01   2.0862313e-01   2.0000000e+00
  -1.2180952e-01  -3.3545050e-01   1.0000000e+00
   5.9293363e-01  -7.3266492e-01   2.0000000e+00
  -6.0751258e-01  -7.8353949e-01   2.0000000e+00
  -3.4260866e-01  -1.6109308e-01   1.0000000e+00
  -2.5354407e-01  -4.2809276e-01   1.0000000e+00
   8.2438637e-01   4.2451950e-01   2.0000000e+00
   4.3529737e-01  -4.7681224e-01   2.0000000e+00
  -4.7076155e-02   6.7740357e-01   2.0000000e+00
  -7.7114463e-02  -9.7882320e-01   2.0000000e+00
   6.0574301e-01  -4.5523510e-01   2.0000000e+00
   4.0859960e-01   8.2381032e-02   1.0000000e+00
  -5.2578308e-01  -3.7493755e-01   2.0000000e+00
   2.6625669e-01  -3.6479843e-01   1.0000000e+00
   3.4972816e-01   7.6628391e-01   2.0000000e+00
   6.3660560e-01  -3.2178780e-01   2.0000000e+00
   4.0377385e-01   7.3613620e-01   2.0000000e+00
  -9.5602145e-01   2.2683399e-01   2.0000000e+00
  -2.5518394e-01   1.2995639e-02   1.0000000e+00
  -9.3321780e-02  -8.4294354e-01   2.0000000e+00
  -5.4057857e-01   3.6745425e-01   2.0000000e+00
   4.2763698e-01  -3.0120124e-01   1.0000000e+00
  -1.2081338e-01   8.0144656e-01   2.0000000e+00
   1.5761050e-01   4.2617511e-03   1.0000000e+00
   8.1216657e-01  -1.5242073e-01   2.0000000e+00
  -8.5771869e-01   2.0285429e-01   2.0000000e+00
   4.2331830e-02   1.7599884e-01   1.0000000e+00
   5.6620343e-01  -6.7234858e-01   2.0000000e+00
  -7.0040479e-02   6.9726977e-01   2.0000000e+00
  -6.2552493e-01   6.7112623e-01   2.0000000e+00
   7.5686962e-01   6.0277856e-02   1.0000000e+00
   6.6603683e-01   5.5066610e-01   2.0000000e+00
   7.4779133e-01   5.8149045e-01   2.0000000e+00
  -2.5374720e-01   8.4282251e-01   2.0000000e+00
   7.3622219e-01  -4.1900677e-01   2.0000000e+00
  -1.7275434e-01  -4.2910781e-01   1.0000000e+00
  -2.6056821e-01  -5.5522500e-01   1.0000000e+00
   4.1535589e-01  -3.7523385e-01   2.0000000e+00
   3.7677479e-01  -5.4129577e-01   2.0000000e+00
  -5.4590825e-01  -5.2357780e-01   2.0000000e+00
   2.6212694e-01   1.2471724e-02   1.0000000e+00
  -3.2412327e-01  -7.2447278e-01   1.0000000e+00
  -9.2099590e-01  -3.0445898e-01   2.0000000e+00
  -5.2981910e-01   2.1137961e-01   2.0000000e+00
  -6.5803377e-01  -2.3454060e-01   2.0000000e+00
   4.6178806e-01  -6.2910251e-01   2.0000000e+00
  -1.5435594e-02   3.3873088e-01   1.0000000e+00
   5.4069410e-01   1.3207809e-01   1.0000000e+00
  -7.5118129e-01  -1.7807597e-01   2.0000000e+00
  -7.2333520e-01  -2.8045272e-01   2.0000000e+00
  -9.0882655e-01   4.0484630e-01   2.0000000e+00
   6.7524289e-01   7.1565780e-01   2.0000000e+00
  -5.0230995e-01   4.2887909e-01   2.0000000e+00
   6.1789996e-01  -1.1894372e-01   1.0000000e+00
  -4.9571092e-01  -2.7635169e-02   1.0000000e+00
   2.4406389e-02   7.3772531e-01   2.0000000e+00
  -5.9969982e-01  -4.1533293e-01   2.0000000e+00
   3.4084674e-01  -6.3633887e-01   2.0000000e+00
   2.0267616e-01   8.3810780e-01   2.0000000e+00
  -6.4238877e-01   7.3312154e-01   2.0000000e+00
   4.3734255e-01   4.4058592e-01   2.0000000e+00
  -8.1082459e-01   5.4452896e-01   2.0000000e+00
  -1.9731545e-01  -3.7345632e-01   1.0000000e+00
   9.3852739e-01  -4.4907768e-02   2.0000000e+00
   6.5480761e-01   2.8480217e-01   2.0000000e+00
  -6.9417258e-01   1.5106005e-01   2.0000000e+00
  -4.2544767e-01   4.2924827e-01   1.0000000e+00
   9.0747399e-01  -1.8521622e-01   2.0000000e+00
   4.9273756e-01  -4.2969204e-01   2.0000000e+00
  -6.5452464e-01   1.6506842e-01   2.0000000e+00
  -9.4306726e-01   5.2031123e-02   2.0000000e+00
  -3.0404623e-01  -1.6721659e-01   1.0000000e+00
  -7.4618918e-01  -3.0016081e-01   2.0000000e+00
  -7.9474768e-01   9.0123485e-02   2.0000000e+00
   6.5021504e-01   3.4004376e-01   2.0000000e+00
  -6.4653020e-01  -3.8395269e-01   2.0000000e+00
   3.1275570e-01   7.2037480e-02   1.0000000e+00
   4.9224641e-02  -2.2721605e-02   1.0000000e+00
  -6.7127195e-01  -6.2788629e-01   2.0000000e+00
   6.9015111e-01  -1.7389605e-01   1.0000000e+00
  -5.4273861e-02  -9.7422941e-01   2.0000000e+00
  -7.5641954e-02   3.9235703e-02   1.0000000e+00
   5.2709396e-01  -5.2008273e-01   2.0000000e+00
   6.0231490e-01   4.2807468e-02   1.0000000e+00
   8.5017452e-01  -5.2135125e-02   1.0000000e+00
  -8.2334788e-02   9.3352642e-01   2.0000000e+00
  -3.5842636e-01  -4.8465485e-01   1.0000000e+00
   3.1904689e-01  -1.7840458e-01   1.0000000e+00
  -2.4740432e-02  -5.4133100e-01   1.0000000e+00
   1.5358603e-01  -2.3813773e-02   1.0000000e+00
   2.1722355e-01  -5.5697359e-01   2.0000000e+00
   6.3857730e-01  -3.6819486e-01   2.0000000e+00
   4.4210333e-01   1.8170851e-01   1.0000000e+00
  -2.9603654e-01   3.1682006e-01   1.0000000e+00
  -5.2539881e-01  -2.2331094e-01   2.0000000e+00
   7.3916260e-01   1.1645708e-01   1.0000000e+00
  -9.1151699e-02   5.0736437e-02   1.0000000e+00
  -3.9387441e-01  -7.9628481e-01   1.0000000e+00
  -6.9243600e-01   5.5993082e-01   2.0000000e+00
  -1.6302218e-01   5.0648292e-01   1.0000000e+00
  -6.5460951e-01   2.3385420e-01   2.0000000e+00
  -6.9734761e-01   6.7294297e-01   2.0000000e+00
   8.5742722e-01   1.0763666e-01   2.0000000e+00
  -9.3120751e-01   2.2054018e-01   2.0000000e+00
  -8.4601071e-01  -2.7090679e-01   2.0000000e+00
  -4.7816940e-01  -3.4986657e-02   1.0000000e+00
  -8.3982016e-01   5.2149633e-01   2.0000000e+00
   1.3578615e-01  -6.8995459e-02   1.0000000e+00
  -6.9640476e-01   1.4251651e-03   2.0000000e+00
  -4.6156525e-02   1.4265173e-01   1.0000000e+00
   4.9421001e-01   2.8427098e-01   1.0000000e+00
   4.3945798e-01   7.3711616e-01   2.0000000e+00
   8.5967519e-01   9.6259711e-02   2.0000000e+00
  -2.7973482e-01  -1.9800388e-01   1.0000000e+00
  -2.6620240e-01   2.7024278e-01   1.0000000e+00
  -3.1507192e-02   2.3674455e-01   1.0000000e+00
   8.2941516e-01  -3.8096147e-02   1.0000000e+00
   4.8866220e-01   3.0077370e-01   2.0000000e+00
   1.6076982e-01  -5.2061741e-01   2.0000000e+00
  -6.8452366e-01  -8.3446287e-02   2.0000000e+00
  -3.2222156e-02  -9.2350021e-01   2.0000000e+00
   3.5691511e-01  -1.2343516e-01   1.0000000e+00
  -7.9044695e-01   3.9864863e-01   2.0000000e+00
   3.9319153e-01  -7.7110570e-01   2.0000000e+00
  -6.4467876e-01  -2.6950241e-01   2.0000000e+00
   5.9131287e-01  -2.3080000e-01   1.0000000e+00
   6.9936097e-01   3.9260221e-01   2.0000000e+00
   2.4272169e-01  -7.1793689e-01   2.0000000e+00
  -1.6172754e-01  -5.5400313e-01   1.0000000e+00
  -4.1879116e-01  -7.7845907e-01   1.0000000e+00
   1.5756928e-01   8.6511639e-01   2.0000000e+00
   3.9877601e-01  -7.0963501e-01   2.0000000e+00
   3.2671547e-01  -2.1432648e-01   1.0000000e+00
  -6.1683640e-02  -6.9495132e-01   2.0000000e+00
  -2.3139231e-01  -2.2713838e-01   1.0000000e+00
  -7.1017334e-01   3.9942759e-01   2.0000000e+00
  -9.3894636e-02  -9.2705419e-01   2.0000000e+00
   1.0135280e-01   9.3053105e-01   2.0000000e+00
   8.3931286e-01  -7.3706195e-02   1.0000000e+00
   7.9268007e-01   1.4401624e-02   1.0000000e+00
  -1.8152483e-01   2.3443818e-01   1.0000000e+00
   6.1907211e-01  -4.7817761e-01   2.0000000e+00
   4.6803144e-01  -8.6671113e-02   1.0000000e+00
   3.7649749e-01   8.6206291e-01   2.0000000e+00
   2.3957772e-01  -1.9752796e-01   1.0000000e+00
   5.5244096e-01   5.3547963e-01   2.0000000e+00
  -4.4060918e-01  -2.5748649e-01   1.0000000e+00
   2.3841504e-01  -3.9087212e-01   1.0000000e+00
   1.1491269e-01  -9.4713036e-01   2.0000000e+00
  -8.3631512e-01   5.0263844e-01   2.0000000e+00
   2.9138334e-01  -7.0401713e-01   2.0000000e+00
   1.5701469e-01   4.1901139e-01   1.0000000e+00
   4.6179456e-01   4.3330870e-01   2.0000000e+00
  -1.2565332e-01  -8.2357549e-01   2.0000000e+00
   2.8173563e-01   6.3036143e-01   2.0000000e+00
   4.9858080e-01  -8.4075950e-01   2.0000000e+00
  -4.0037260e-01  -2.9727673e-01   1.0000000e+00
   2.0036555e-02   6.8547714e-01   2.0000000e+00
  -1.9872707e-01   6.2494795e-01   1.0000000e+00
   6.5576865e-01   5.4376059e-01   2.0000000e+00
  -8.2841439e-01  -3.2545606e-02   2.0000000e+00
