8895.600042 -342.725524 7297.910785
6120.742855 -8826.513257 4627.694581
9567.640811 -5598.294378 8530.429459
3778.051930 -1007.459953 4334.549135
3076.795632 -174.075944 5982.121955
5481.277084 -3829.203589 8108.427621
3857.891167 -7426.974804 8716.604818
7867.319704 494.382023 6185.469500
5916.402896 -6488.866476 7070.533822
2420.628162 -2010.033817 2120.657318
7546.965751 -5716.498108 3199.037472
5911.556800 -919.187052 7036.734140
3214.495634 -2035.403409 6163.948591
6660.037297 -8416.277008 2418.607212
3588.649442 -1723.277532 8912.130891
6588.920848 -6577.021999 8453.955577
2648.436001 1397.074557 4513.750718
7985.074262 -9682.057255 9888.954389
5947.852622 -6586.913094 4511.886265
8642.611499 -9444.993190 7896.801951
8294.159417 -7917.740943 8280.101296
8306.056096 -5673.677264 7143.951293
7503.571851 -7150.843459 4949.361157
7509.256817 -8628.710851 3628.227385
6770.174248 111.985287 8303.039623
4738.828058 -3826.396409 9032.028155
4172.850120 -4703.474636 4902.073883
3134.331892 743.509844 3540.970815
8952.847358 -7196.392777 8610.769612
2734.423533 -2594.385965 2642.504453
4027.051312 -4050.911517 5633.347734
3039.749715 -4860.076889 7126.110435
2813.148906 -799.929301 1541.049172
4537.969409 1208.540860 8136.937113
5461.944837 -1159.142725 5482.857593
9329.166134 -6235.027801 2576.803237
4139.931831 -824.924441 4604.890677
4748.312258 -5915.105828 6794.429699
3648.744680 -847.175105 2877.425900
4266.694290 -6028.121037 7280.362591
7744.903684 -7769.546642 7588.209871
7011.829447 -2450.746846 7072.953211
4348.222967 -2640.794550 7030.235111
3817.735206 -2995.790630 8135.453628
6766.524045 -8973.630146 7765.576399
6805.833920 1754.738318 4370.632153
9179.055565 -3735.555523 2951.906227
6377.123412 -9426.144650 9950.155934
7217.254962 -6075.889783 5114.671405
9692.245279 -6949.990360 5740.835077
7407.644263 -1594.987008 4263.032273
6442.148593 -5341.508313 4762.238371
7015.432967 -8350.636425 8120.894420
4929.538799 -6945.791569 3401.812911
8374.125173 1260.929973 8338.383754
3217.909816 -2988.105193 5801.439041
7122.632541 -9893.557402 3808.515516
3959.975535 -7001.157091 5877.431576
7632.000463 -4269.940523 2593.927374
3510.637404 -3367.710917 7893.521417
2947.913232 -513.316366 6910.530841
7184.230535 -8032.514530 3392.632968
4350.668800 1703.333685 5578.795852
8742.258517 -5099.844481 6032.614191
5930.480859 -9740.294938 6448.818010
3307.332188 -5333.843378 5063.650855
6599.789732 1300.989192 2988.628102
5187.499250 -5079.761177 2229.339347
9877.040113 -4605.552045 8275.530826
1153.416926 -3507.145304 4990.832570
5679.014681 -2732.723744 4065.219149
4205.283091 -4865.073486 7341.988051
4453.749243 -5725.020260 5240.297904
8863.518648 -7177.683880 6329.786636
6901.844124 -4189.548961 3451.927081
7767.337582 -1713.340204 6462.210251
9233.884335 -1067.944707 4992.308603
5650.315478 -5127.270896 6573.937726
5685.913779 -498.963335 7740.503445
9886.056960 -9694.299666 9849.954387
9051.246160 3028.363090 9569.235985
9184.970739 -8900.112204 5645.676522
6258.036698 -8425.287102 7135.256398
2486.133792 548.503329 5551.303090
6017.012306 332.748867 1722.055631
9350.430055 637.591999 8318.341539
7064.958919 1165.769416 8486.472679
5461.272028 -2307.567595 3341.533353
6253.316157 -1906.548964 3611.143424
3826.203067 -8579.358825 6527.044110
7643.265542 -3012.722347 7101.197998
6548.920750 -538.157777 5436.765193
8896.852220 -708.536368 9148.553818
8681.256235 2168.630125 9030.268380
7747.259616 -7048.152627 4913.590757
6409.404743 -4658.104566 7170.709790
7182.830583 -8374.285632 3707.763978
8901.352581 1885.113367 4251.865069
3960.069782 -5594.251236 7894.979692
2902.855740 -4975.450464 7239.852797
