  1.2765425e+001  1.4672592e+001
  1.9589697e+001  1.2253551e+001
  2.4651703e+001  5.0245332e+000
  2.0937399e+001  1.0176848e+001
  2.2702239e+001  7.8186505e+000
  1.9796151e+001  9.4381625e+000
  2.2649127e+001  6.3339288e+000
  2.0265105e+001  1.0227554e+001
  1.8869532e+001  1.0422728e+001
  1.8201812e+001  1.2822713e+001
  2.1219459e+001  9.5971563e+000
  1.9972271e+001  8.1446991e+000
  1.7161118e+001  1.0058550e+001
  1.4852214e+001  1.6144465e+001
  1.9670393e+001  1.0037806e+001
  1.4174940e+001  1.6360654e+001
  2.1566475e+001  7.9838443e+000
  1.5308531e+001  1.3831964e+001
  1.2916869e+001  1.5392668e+001
  1.5044144e+001  1.3932830e+001
  1.9676139e+001  1.0225534e+001
  2.0229597e+001  1.1331542e+001
  2.2218433e+001  9.8649539e+000
  1.9891849e+001  8.7921852e+000
  1.3922340e+001  1.5411078e+001
  1.7750999e+001  1.0191824e+001
  2.4028723e+001  6.8177322e+000
  1.7974206e+001  1.1528182e+001
  1.9938075e+001  1.1689774e+001
  1.9779672e+001  1.0783747e+001
  2.0397534e+001  1.0063491e+001
  1.6941903e+001  1.2734854e+001
  1.7001880e+001  1.1198867e+001
  2.3380080e+001  8.8693960e+000
  2.0402933e+001  9.9952219e+000
  2.0339774e+001  1.1753936e+001
  2.1637684e+001  7.3206638e+000
  2.2716575e+001  8.2417558e+000
  1.8619264e+001  1.2086317e+001
  2.2856727e+001  6.5382904e+000
  1.7215926e+001  1.5654125e+001
  9.1096747e+000  1.9266747e+001
  2.3589922e+001  7.9051358e+000
  1.8937771e+001  1.1663814e+001
  1.2419976e+001  1.6779724e+001
  2.1650484e+001  6.2900534e+000
  2.3670330e+001  7.5214515e+000
  1.7584752e+001  9.5849807e+000
  2.2229093e+001  8.1411125e+000
  1.7713647e+001  1.2244966e+001
  2.4236001e+001  6.9028142e+000
  2.2863729e+001  7.1212850e+000
  1.9607924e+001  8.8941952e+000
  1.3311456e+001  1.6858390e+001
  1.5281299e+001  1.3332274e+001
  1.8052949e+001  1.3871214e+001
  1.1922700e+001  1.7874811e+001
  1.8342057e+001  1.0514665e+001
  2.1286011e+001  9.1630876e+000
  1.8236201e+001  1.1764823e+001
  2.0453494e+001  7.8875092e+000
  2.0954528e+001  1.0163020e+001
  1.9388101e+001  1.3088177e+001
  1.7545519e+001  1.3090330e+001
  2.2036749e+001  9.8509094e+000
  1.9732817e+001  9.4678971e+000
  1.3425297e+001  1.4440879e+001
  1.9086123e+001  1.2116437e+001
  2.1205717e+001  7.7339813e+000
  2.0551804e+001  1.0616655e+001
  1.7688690e+001  1.2229278e+001
  1.8497495e+001  1.1785149e+001
  2.5427660e+001  5.5055092e+000
  9.7752215e+000  1.9327230e+001
  2.0867184e+001  1.0383454e+001
  1.8713794e+001  1.4686277e+001
  1.6547854e+001  1.3690931e+001
  2.1072956e+001  8.6774463e+000
  2.4336330e+001  5.0016085e+000
  2.2198120e+001  6.4933704e+000
  1.7055386e+001  9.1681858e+000
  2.1955950e+001  8.1909173e+000
  1.5089445e+001  1.5831366e+001
  2.0712390e+001  9.2507819e+000
  1.6664276e+001  1.3833463e+001
  2.1020138e+001  6.3810685e+000
  2.2116410e+001  5.6730930e+000
  2.2184309e+001  8.3620206e+000
  1.8099001e+001  9.0088824e+000
  2.1979681e+001  9.6669910e+000
  1.8511457e+001  1.2411094e+001
  1.7681392e+001  1.2233287e+001
  2.1224697e+001  7.0638504e+000
  2.2124060e+001  8.1732186e+000
  2.1090908e+001  8.7937740e+000
  1.9882478e+001  9.9116089e+000
  1.8097007e+001  1.1492967e+001
  1.9837889e+001  9.6233354e+000
  2.2040433e+001  8.7598526e+000
  2.2028021e+001  7.3380348e+000
  2.6876530e+001  4.0507206e+000
  2.0426155e+001  1.0424515e+001
  2.3061126e+001  8.4956151e+000
  1.9935250e+001  1.0754657e+001
  1.8394073e+001  1.4108777e+001
  2.0238280e+001  9.7244122e+000
  2.8747319e+001  2.6049885e+000
  1.6748540e+001  1.1328435e+001
  2.8606773e+001  1.2561852e+000
  2.1107992e+001  6.7183916e+000
  2.5144990e+001  4.7480197e+000
  1.5416892e+001  1.4861209e+001
  2.1052117e+001  9.5272680e+000
  1.9613907e+001  1.0210395e+001
  1.5980162e+001  1.7128818e+001
  1.6914643e+001  1.3101284e+001
  1.6806549e+001  1.4011993e+001
  2.0589787e+001  1.0861412e+001
  1.9106566e+001  1.2979242e+001
  1.8779048e+001  9.5955350e+000
  1.5234267e+001  1.3878749e+001
  2.1804869e+001  6.4076017e+000
  1.1676763e+001  1.6220221e+001
  1.9287213e+001  1.2188806e+001
  1.8055279e+001  1.1796581e+001
  2.0857094e+001  9.4586600e+000
  1.7481239e+001  1.3267571e+001
  2.1721830e+001  1.2609022e+001
  1.6955245e+001  1.4758787e+001
  2.0913596e+001  1.0165580e+001
  2.1376164e+001  8.6223716e+000
  2.1920638e+001  8.8261603e+000
  1.7086423e+001  1.2650034e+001
  2.3088859e+001  8.8563624e+000
  1.9709790e+001  1.1329692e+001
  2.5852325e+001  4.6326161e+000
  2.4635969e+001  5.4574864e+000
  2.0006959e+001  1.0724707e+001
  2.2072423e+001  8.0108675e+000
  1.7896530e+001  1.0666658e+001
  2.2299524e+001  7.7695250e+000
  1.2925626e+001  1.3571968e+001
  1.5987340e+001  1.3596181e+001
  1.2815055e+001  1.6482867e+001
  1.6306069e+001  1.4508914e+001
  1.4777374e+001  1.4131265e+001
  1.3561838e+001  1.6734511e+001
  2.1786164e+001  7.2585174e+000
  1.2181342e+001  1.7938378e+001
  1.9057339e+001  1.1452894e+001
  1.4346006e+001  1.4975300e+001
  1.8037019e+001  9.7994202e+000
  2.2425770e+001  9.4811688e+000
  2.2788141e+001  7.5966852e+000
  1.9824580e+001  8.9370568e+000
  2.2224821e+001  7.6028355e+000
  2.1094841e+001  1.0058322e+001
  1.7664153e+001  1.1078235e+001
  1.6978699e+001  1.2414475e+001
  1.4367510e+001  1.6039049e+001
  1.9883020e+001  9.1771842e+000
  2.6348385e+001  6.2066992e+000
  1.6674729e+001  1.2355118e+001
  2.0038845e+001  1.0206672e+001
  2.4246464e+001  5.4852114e+000
  2.2083002e+001  5.2070389e+000
  1.8359487e+001  1.2496924e+001
  2.4314721e+001  6.2530782e+000
  2.1790557e+001  9.0704832e+000
  2.0470632e+001  7.3066865e+000
  2.3977999e+001  5.4883385e+000
  3.0004428e+001  1.9804765e+000
  2.0904143e+001  9.8390706e+000
  1.9593159e+001  1.0637393e+001
  1.9736222e+001  7.1770461e+000
  2.1125011e+001  1.0470320e+001
  8.4006168e+000  2.1274128e+001
  2.1294293e+001  9.4156956e+000
  1.7197230e+001  1.3331564e+001
  1.5207437e+001  1.5369878e+001
  1.6994360e+001  1.2268421e+001
  2.2581512e+001  6.7704101e+000
  1.4715921e+001  1.6112972e+001
  2.0153342e+001  1.1143923e+001
  2.3630936e+001  6.3042864e+000
  1.8183914e+001  1.1389018e+001
  2.1707167e+001  8.8924753e+000
  1.8822161e+001  1.0384909e+001
  2.3701848e+001  7.1996278e+000
  1.7572929e+001  1.3637964e+001
  2.7004644e+001  2.6888382e+000
  1.7924565e+001  1.1104838e+001
  1.8888717e+001  1.1487845e+001
  2.9002374e+001  8.2517762e-001
  1.7465412e+001  1.1741857e+001
  1.6056943e+001  1.2536028e+001
  2.5410583e+001  5.1001045e+000
  1.8743962e+001  9.3394660e+000
  1.9639113e+001  1.3820669e+001
  1.9110877e+001  9.1391976e+000
  2.1786340e+001  8.1832855e+000
  2.7013019e+001  1.0751417e+000
  1.8552447e+001  1.0170547e+001
  1.7055580e+001  1.0002262e+001
  2.3134108e+001  7.9551376e+000
  2.3276551e+001  8.9482631e+000
  2.3254627e+001  6.4922268e+000
  2.1124874e+001  8.9050920e+000
  1.8149535e+001  1.1655009e+001
  1.8814928e+001  9.8050418e+000
  2.2078598e+001  8.2361903e+000
  1.6844453e+001  1.2802157e+001
  2.1350443e+001  1.0299801e+001
  2.3948735e+001  5.6299782e+000
  2.0652309e+001  5.7914836e+000
  1.8790364e+001  1.0940018e+001
  1.8594857e+001  1.1501209e+001
  1.9058422e+001  1.2139835e+001
  2.2413495e+001  8.2340489e+000
  1.5065873e+001  1.2031951e+001
  2.3778418e+001  7.4692715e+000
  2.6010613e+001  2.8442754e+000
  1.8422433e+001  1.0196640e+001
  1.9326304e+001  9.2070635e+000
  2.0451571e+001  1.1291922e+001
  2.0622679e+001  8.0397237e+000
  2.0605062e+001  1.0479106e+001
  1.8895489e+001  7.5312994e+000
  2.0902870e+001  6.9415714e+000
  1.5726935e+001  1.2428198e+001
  1.9252014e+001  1.0583280e+001
  1.6815010e+001  1.1522564e+001
  2.0595408e+001  1.1658961e+001
  2.2508160e+001  8.0285074e+000
  2.5235790e+001  5.3141740e+000
  1.6759337e+001  1.3165778e+001
  2.1886475e+001  8.4529221e+000
  1.2595961e+001  1.5733835e+001
  2.7350253e+001  4.6567413e+000
  2.2956245e+001  5.1709694e+000
  2.2622897e+001  7.1535449e+000
  2.3553409e+001  6.6016645e+000
  1.8522611e+001  9.8854992e+000
  1.6218295e+001  1.1343226e+001
  1.2744965e+001  1.7569432e+001
  2.6790664e+001  2.8889639e+000
  2.1242689e+001  9.8415906e+000
  1.4273970e+001  1.7299231e+001
  2.5086175e+001  3.7330447e+000
  2.4528161e+001  8.4368954e+000
  2.4154878e+001  5.5034570e+000
  1.7269102e+001  1.3080868e+001
  1.9650641e+001  1.1873332e+001
  2.3917662e+001  8.0931591e+000
  1.9602878e+001  8.6881948e+000
  1.6639344e+001  1.3423148e+001
  1.4931553e+001  1.2927786e+001
  1.9729127e+001  1.2527165e+001
  1.6690296e+001  1.2807486e+001
  1.6463459e+001  1.5863499e+001
  1.6625115e+001  1.3356186e+001
  2.2584666e+001  5.2827681e+000
  1.9578835e+001  1.0685128e+001
  1.4864761e+001  1.1094917e+001
  2.1158989e+001  9.2361032e+000
  2.3636173e+001  5.9609015e+000
  2.4266447e+001  7.2033323e+000
  1.6214558e+001  1.1278770e+001
  1.8722732e+001  1.1360364e+001
  2.0777987e+001  1.0174366e+001
  1.6619056e+001  1.2077420e+001
  1.5109522e+001  1.3950236e+001
  2.6764121e+001  2.8800064e+000
  1.7632680e+001  1.3154335e+001
  1.8578471e+001  1.0865821e+001
  1.5146337e+001  1.3383598e+001
  2.3022279e+001  7.0977809e+000
  1.6402462e+001  1.3137444e+001
  1.0456548e+001  1.7962945e+001
  1.9544986e+001  1.0310559e+001
  1.8860639e+001  1.1024605e+001
  1.4924659e+001  1.5586583e+001
  1.7932237e+001  1.2035458e+001
  2.2104237e+001  7.7303291e+000
  2.3475833e+001  1.1824091e+001
  1.8926751e+001  1.2562721e+001
  2.3722570e+001  5.0724897e+000
  2.4483011e+001  6.8997122e+000
  1.8218068e+001  1.1970189e+001
  1.9228461e+001  8.8901049e+000
  2.4234663e+001  5.0702670e+000
  2.4119323e+001  5.5585377e+000
  1.7366534e+001  1.3881627e+001
  2.1950165e+001  7.1626337e+000
  2.1622440e+001  9.8362951e+000
  2.0854719e+001  8.3783608e+000
  2.1702067e+001  8.2999292e+000
  1.9763022e+001  9.5025466e+000
  1.9038609e+001  1.0951791e+001
  1.8003413e+001  1.2525433e+001
  1.7451884e+001  1.2349827e+001
  1.6055056e+001  1.3588636e+001
  1.5751914e+001  1.5491761e+001
  1.8511534e+001  1.0429716e+001
  2.7354687e+001  2.2997526e+000
  2.3305794e+001  5.8004106e+000
  1.6281573e+001  1.2727864e+001
  1.6530446e+001  1.2915775e+001
  2.5298361e+001  4.0708720e+000
  1.9274794e+001  1.2069748e+001
  1.6198579e+001  1.4826010e+001
  2.2660384e+001  7.6631442e+000
  1.6111158e+001  1.4895472e+001
  2.1749605e+001  9.2709779e+000
  2.8422317e+001  1.0702235e+000
  1.6919961e+001  1.4827679e+001
  1.9618711e+001  9.8622844e+000
  2.2146829e+001  7.7552205e+000
  2.2530287e+001  9.0389568e+000
  1.9900099e+001  8.4794958e+000
  2.6999088e+001  3.8455319e+000
  1.6619656e+001  1.2880385e+001
  1.8609826e+001  9.2902505e+000
  1.9430065e+001  1.3809540e+001
  1.8161902e+001  1.2048683e+001
  1.7103573e+001  1.1823719e+001
  2.4385934e+001  3.4327310e+000
  2.0701909e+001  9.4458018e+000
  2.0661282e+001  1.1481867e+001
  1.9203758e+001  1.1841319e+001
  1.0879974e+001  1.7453268e+001
  1.9133558e+001  1.1316519e+001
  2.1646189e+001  7.2077186e+000
  2.0344633e+001  1.0305317e+001
  1.6282065e+001  1.3345238e+001
  1.8336385e+001  1.3119219e+001
  1.9860438e+001  1.0089946e+001
  1.9899639e+001  1.0842028e+001
  1.9052509e+001  8.9300674e+000
  2.2380910e+001  9.2573670e+000
  2.4481222e+001  6.1859067e+000
  1.9735746e+001  9.2933745e+000
  2.1341499e+001  9.7394688e+000
  2.0589681e+001  8.0520006e+000
  2.3990436e+001  6.7490807e+000
  2.1771075e+001  7.4358412e+000
  2.0082872e+001  9.5014720e+000
  8.6190704e+000  1.9537821e+001
  1.7065100e+001  1.3883735e+001
  1.7097098e+001  1.3946800e+001
  1.9712604e+001  1.0387714e+001
  1.9861662e+001  1.0405867e+001
  2.0125364e+001  9.4509091e+000
  2.2105820e+001  8.2892403e+000
  2.4377113e+001  4.3683601e+000
  1.5148043e+001  1.3085497e+001
  2.2441880e+001  9.1618556e+000
  2.4246324e+001  5.0744365e+000
  2.0613900e+001  1.0723594e+001
  2.0204300e+001  1.0882620e+001
  2.3337076e+001  6.5584794e+000
  2.0154718e+001  1.1914221e+001
  2.6812123e+001  3.3869398e+000
  2.2401665e+001  7.0752211e+000
  1.9323792e+001  1.1425428e+001
  1.6901845e+001  1.4701029e+001
  1.9713414e+001  9.1336086e+000
  1.4778396e+001  1.5560096e+001
  1.9413211e+001  8.6291249e+000
  2.1598844e+001  7.2892414e+000
  1.8476899e+001  1.0909234e+001
  1.9054891e+001  8.8545437e+000
  1.8723929e+001  1.2573520e+001
  2.2648477e+001  4.6680774e+000
  2.0761751e+001  9.6318330e+000
  2.0791888e+001  7.0102682e+000
  2.1358554e+001  9.8957630e+000
  2.4010794e+001  5.8245056e+000
  1.9844086e+001  1.1755613e+001
  1.9502685e+001  9.1901857e+000
  2.0501193e+001  1.1503476e+001
  2.4171531e+001  5.2266424e+000
  2.1591304e+001  9.6790915e+000
  2.2710663e+001  8.7158279e+000
  1.3757562e+001  1.6841174e+001
  1.7682306e+001  1.3350539e+001
  1.6366952e+001  1.3503887e+001
  2.1583920e+001  9.5004604e+000
  1.6959496e+001  1.0962211e+001
  1.9227767e+001  1.0014267e+001
  2.3725430e+001  6.6011902e+000
  1.7129656e+001  1.6385912e+001
  2.0932228e+001  6.8622406e+000
  2.9004051e+001  3.9306894e+000
  2.1903973e+001  8.0660031e+000
  2.0547497e+001  1.0714761e+001
  2.0185208e+001  1.0005916e+001
  2.7140177e+001  5.2449778e+000
  1.9920363e+001  9.6887264e+000
  1.6553851e+001  1.3389119e+001
  2.2619642e+001  7.1522155e+000
  2.0921946e+001  9.8958220e+000
  1.8535174e+001  1.0210381e+001
  2.8628030e+001  1.7408136e+000
  1.0585200e+001  1.8167891e+001
  1.8506922e+001  1.0923539e+001
  1.9744736e+001  1.0048525e+001
  1.9787232e+001  1.0785654e+001
  1.7835514e+001  1.2558317e+001
  2.3794512e+001  8.2524155e+000
  2.2808826e+001  6.3653109e+000
  2.0259667e+001  8.5959536e+000
  1.8617528e+001  1.1157837e+001
  2.4928233e+001  4.0782681e+000
  1.6614317e+001  1.3530985e+001
  2.1042533e+001  7.7000461e+000
  2.1681919e+001  5.0507166e+000
  2.2301596e+001  6.3235082e+000
  1.4958818e+001  1.5014270e+001
  2.2635536e+001  9.2579635e+000
  1.8290254e+001  1.1734763e+001
  2.4678356e+001  4.3137208e+000
  2.3060561e+001  8.2469340e+000
  1.9577008e+001  1.0851123e+001
  2.1193033e+001  1.3054951e+001
  1.3955883e+001  1.5280918e+001
  2.4515467e+001  4.0967655e+000
  1.4531936e+001  1.2682095e+001
  2.0714934e+001  8.1585250e+000
  2.3687374e+001  7.3808553e+000
  2.5624918e+001  3.8859407e+000
  1.7171156e+001  1.0123740e+001
  1.8027445e+001  1.1131940e+001
  1.6217519e+001  1.5750638e+001
  1.8758065e+001  1.2108386e+001
  2.1443270e+001  9.2895205e+000
  1.9966662e+001  1.2056404e+001
  2.3585753e+001  7.9782196e+000
  1.5799265e+001  1.6826267e+001
  1.0741491e+001  1.9400941e+001
  2.4374322e+001  5.0504677e+000
  1.6375664e+001  1.4471242e+001
  1.8304026e+001  1.1481118e+001
  1.5570536e+001  1.3797555e+001
  2.4854328e+001  7.1798926e+000
  1.2359644e+001  1.6175661e+001
  2.0050271e+001  1.1727182e+001
  1.9281014e+001  1.0483412e+001
  1.9363983e+001  1.0751871e+001
  2.1592530e+001  9.8012689e+000
  1.7196290e+001  1.0049692e+001
  1.1955507e+001  1.6428240e+001
  2.3920173e+001  6.4587253e+000
  2.4701696e+001  4.5374036e+000
  1.6750745e+001  1.4558234e+001
  2.4547603e+001  4.9582902e+000
  1.8044885e+001  1.0527130e+001
  2.6601850e+001  2.8053953e+000
  1.7865762e+001  1.1933285e+001
  2.6339191e+001  5.3302703e+000
  2.2489179e+001  8.0663514e+000
  1.7738480e+001  1.3465937e+001
  2.2133314e+001  5.0334038e+000
  2.3129587e+001  5.1957952e+000
  1.7338573e+001  8.7849015e+000
  1.6534102e+001  1.2765035e+001
  1.9010309e+001  1.3044078e+001
  2.5144232e+001  5.2801427e+000
  1.8116258e+001  1.1276688e+001
  1.8131024e+001  6.7989303e+000
  2.4060279e+001  6.7951058e+000
  2.1489811e+001  9.7942921e+000
  2.3230950e+001  1.0744528e+001
  2.4739081e+001  7.0143213e+000
  2.4043221e+001  5.7638604e+000
  2.3349869e+001  9.1331593e+000
  1.7001485e+001  1.1047998e+001
  2.2130697e+001  5.8184292e+000
  2.0846170e+001  9.1940995e+000
  2.1811255e+001  8.7264980e+000
  2.2768517e+001  7.2532539e+000
  2.3336836e+001  5.3245459e+000
  1.5908906e+001  1.2762638e+001
  2.0406921e+001  1.0388469e+001
  1.2724652e+001  1.5488886e+001
  1.8625336e+001  1.1030811e+001
  1.7871175e+001  9.8659893e+000
  1.5127759e+001  1.5474443e+001
  1.8497600e+001  9.7603192e+000
  1.8823007e+001  1.2812932e+001
  2.0160295e+001  8.8917433e+000
  2.3310273e+001  7.1653545e+000
  2.0713105e+001  7.5194439e+000
  1.9443994e+001  9.9802682e+000
  2.0770717e+001  8.2773217e+000
  2.2561201e+001  9.6262177e+000
  1.3793084e+001  1.6486766e+001
  1.6670856e+001  1.1652625e+001
  2.1382835e+001  8.9341994e+000
  2.5393071e+001  4.1509886e+000
  1.9619662e+001  8.7503465e+000
  1.6437444e+001  1.5034839e+001
  1.5836360e+001  1.3841176e+001
  2.3016828e+001  9.0312002e+000
  1.6058097e+001  1.3580934e+001
  2.0048976e+001  1.0952619e+001
  2.0956957e+001  7.6431486e+000
  1.8557301e+001  1.2057309e+001
  2.3273034e+001  7.0347854e+000
  2.1297335e+001  1.2008841e+001
  1.7995159e+001  9.4682335e+000
  1.2469196e+001  1.7153756e+001
  1.7399567e+001  1.0734382e+001
  2.3844250e+001  9.0666959e+000
  1.4695245e+001  1.6015463e+001
  2.1815872e+001  5.7034975e+000
  2.4341626e+001  5.4207466e+000
  1.5642075e+001  1.5474950e+001
  1.9964481e+001  8.1887464e+000
  2.4844839e+001  4.0117092e+000
  1.9067091e+001  1.2510815e+001
  1.9689025e+001  7.8886102e+000
  1.6151207e+001  1.3045043e+001
  1.8335524e+001  1.4369465e+001
  2.0449148e+001  1.1597446e+001
  1.5815191e+001  1.2976342e+001
  2.0622003e+001  1.1149758e+001
  2.1146103e+001  8.5620752e+000
  1.3723986e+001  1.5385250e+001
  2.4200013e+001  3.8234351e+000
  1.9877550e+001  1.0921443e+001
  1.9631186e+001  1.1599742e+001
  1.9543314e+001  9.7059736e+000
  1.7688316e+001  1.2336054e+001
  1.9247236e+001  1.0556717e+001
  2.1514912e+001  8.9398236e+000
  2.7706878e+001  4.2403830e+000
  1.9960489e+001  1.1336168e+001
  2.0851317e+001  1.2852325e+001
  1.8741505e+001  1.3295831e+001
  1.4528821e+001  1.4994874e+001
  2.3404847e+001  6.8887091e+000
  2.0566084e+001  9.0797985e+000
  2.0142016e+001  1.1544212e+001
  1.6122897e+001  1.4173106e+001
  2.3491334e+001  8.8083872e+000
  2.5712111e+001  7.6913351e+000
  1.8155923e+001  1.3430290e+001
  2.1898327e+001  8.6904876e+000
  1.6586164e+001  1.4584600e+001
  1.8008208e+001  1.0971976e+001
  2.3331100e+001  7.2721329e+000
  1.7699346e+001  1.2239919e+001
  2.1036900e+001  7.7204191e+000
  1.9142013e+001  8.9975636e+000
  2.3276242e+001  6.4008224e+000
  1.9882099e+001  1.2138426e+001
  1.9665069e+001  9.1864650e+000
  2.2198416e+001  6.3706159e+000
  1.9239219e+001  9.2312942e+000
  2.4090964e+001  5.0848197e+000
  2.1518309e+001  1.0441737e+001
  2.1288685e+001  9.4355597e+000
  2.2196047e+001  8.8827355e+000
  1.9110820e+001  9.3799933e+000
  2.3046025e+001  6.4346521e+000
  2.5147137e+001  5.2131273e+000
  2.1948168e+001  7.9146827e+000
  2.4330780e+001  6.2817653e+000
  2.6733221e+001  4.9598092e+000
  2.3220774e+001  8.4148637e+000
  2.0868905e+001  1.2100923e+001
  2.7551639e+001  2.2775174e+000
  2.3032752e+001  7.9208275e+000
  2.3279326e+001  8.3762121e+000
  1.6179557e+001  1.4217542e+001
  2.4975997e+001  5.2986309e+000
  2.1421694e+001  9.7284491e+000
  2.0984580e+001  7.6092226e+000
  1.9699887e+001  8.9473684e+000
  2.5005084e+001  3.8644826e+000
  1.0074312e+001  1.7817428e+001
  1.3489434e+001  1.7003808e+001
  1.9187763e+001  1.1089308e+001
  1.5045554e+001  1.5550324e+001
  1.7730188e+001  1.4208764e+001
  1.9181073e+001  1.1191306e+001
  1.8692549e+001  1.1189502e+001
  1.9433271e+001  1.0820813e+001
  2.3242547e+001  8.1698640e+000
  1.6850925e+001  1.4713353e+001
  1.8193228e+001  1.4179939e+001
  2.1771791e+001  9.6005568e+000
  1.9747102e+001  1.2382286e+001
  1.6675085e+001  1.2658066e+001
  1.4827121e+001  1.7166231e+001
  1.8889152e+001  1.0230343e+001
  2.7388370e+001  4.6482363e+000
  2.0748654e+001  1.1036937e+001
  1.5848569e+001  1.3647947e+001
  2.1721975e+001  6.8012762e+000
  1.8934524e+001  1.0135216e+001
  2.3771634e+001  5.8602556e+000
  2.6742990e+001  3.8891190e+000
  2.2171216e+001  6.7937273e+000
  2.1747961e+001  1.0371102e+001
  2.6110638e+001  2.8451892e+000
  2.1303960e+001  8.4861019e+000
  2.0967093e+001  1.0694978e+001
  1.3231947e+001  1.7632615e+001
  1.8534231e+001  1.3712987e+001
  2.0216877e+001  7.3034445e+000
  2.6512558e+001  3.8507864e+000
  1.7869494e+001  1.2561205e+001
  2.3987885e+001  7.7117128e+000
  2.3926039e+001  7.1439135e+000
  2.0006820e+001  9.4376869e+000
  2.3096113e+001  7.7830477e+000
  1.6942470e+001  1.5403224e+001
  2.1521777e+001  1.1275841e+001
  2.2765582e+001  7.1816166e+000
  1.6989249e+001  1.3472901e+001
  1.9659773e+001  1.2931780e+001
  1.3368606e+001  1.4707258e+001
  2.1888590e+001  8.3206905e+000
  1.9105588e+001  1.1251251e+001
  2.2329072e+001  9.8435588e+000
  1.3772610e+001  1.5768822e+001
  2.0013323e+001  9.3730206e+000
  1.9339736e+001  1.0507794e+001
  1.4924549e+001  1.4485057e+001
  1.8962501e+001  1.2504658e+001
  2.3572662e+001  6.4946673e+000
  2.2052137e+001  4.8027508e+000
  1.7264017e+001  1.0572116e+001
  2.0192078e+001  7.8757256e+000
  2.2077338e+001  7.0970554e+000
  2.2135766e+001  6.3993269e+000
  2.1290987e+001  6.9177585e+000
  2.0067485e+001  9.8490668e+000
  1.7953675e+001  9.4164816e+000
  2.5915255e+001  5.0547896e+000
  1.9609038e+001  1.0712154e+001
  2.2145022e+001  6.3629476e+000
  2.6977865e+001  3.3625318e+000
  2.1895955e+001  9.0338348e+000
  1.8045942e+001  1.0370662e+001
  1.6755139e+001  1.2529853e+001
  2.1304632e+001  8.3607039e+000
  1.6548221e+001  1.3323599e+001
  2.1328989e+001  7.8036033e+000
  2.0968585e+001  7.9914745e+000
  2.0294373e+001  6.8134244e+000
  2.5822880e+001  4.3355676e+000
  2.3106269e+001  6.2882681e+000
  2.0364621e+001  9.2209650e+000
  2.0112203e+001  7.1048134e+000
  1.6988492e+001  1.2474077e+001
  2.1723909e+001  1.0639039e+001
  1.7598268e+001  1.0753431e+001
  1.9466381e+001  1.1967934e+001
  1.9858131e+001  7.0014630e+000
  2.2088828e+001  8.9175234e+000
  2.4463730e+001  7.5349716e+000
  2.1905984e+001  7.1027353e+000
  2.0197113e+001  1.0517281e+001
  1.9537306e+001  1.0811478e+001
  2.7702427e+001  5.8421100e+000
  2.3119384e+001  8.9864848e+000
  2.1494206e+001  6.9740106e+000
  2.0552267e+001  8.8978839e+000
  2.8700714e+001  1.7113315e+000
  1.8343836e+001  1.1747226e+001
  2.3986747e+001  3.3595310e+000
  2.7446362e+001  3.5542627e+000
  1.8316697e+001  1.3331934e+001
  2.3280808e+001  8.8019343e+000
  1.9277903e+001  1.1477402e+001
  2.0563410e+001  8.5948862e+000
  1.7810968e+001  1.3455228e+001
  2.3040432e+001  6.8845808e+000
  2.4313672e+001  5.2961051e+000
  1.6902926e+001  1.1089916e+001
  1.9717234e+001  1.0056261e+001
  2.2750048e+001  8.1371090e+000
  1.9038909e+001  1.0521265e+001
  1.8110950e+001  1.1861250e+001
  1.8201642e+001  9.9371155e+000
  2.3604999e+001  4.9391874e+000
  2.5166419e+001  5.8952242e+000
  2.3557530e+001  6.7671573e+000
  1.9525518e+001  1.1374381e+001
  2.2593630e+001  8.0219031e+000
  1.8417819e+001  1.1647263e+001
  1.9241364e+001  9.8767266e+000
  2.0918117e+001  8.6724140e+000
  1.6768468e+001  1.4967340e+001
  1.4402115e+001  1.1882272e+001
  1.8690251e+001  1.1869239e+001
  1.9338973e+001  8.8533534e+000
  1.5887077e+001  1.4474366e+001
  2.2472531e+001  8.3017057e+000
  2.6297666e+001  3.4577971e+000
  1.7708596e+001  1.0493615e+001
  2.2392819e+001  9.0786782e+000
  1.9090908e+001  1.2735869e+001
  2.3587783e+001  7.3358786e+000
  2.1674592e+001  7.8308316e+000
  1.9192585e+001  1.0904717e+001
  1.9133296e+001  1.0828399e+001
  2.2333674e+001  8.0142908e+000
  1.9803566e+001  9.7364382e+000
  1.8234848e+001  1.0163945e+001
  1.2300373e+001  1.3950310e+001
  2.4023942e+001  3.9576615e+000
  2.7090453e+001  4.0603601e+000
  2.0916668e+001  1.1736828e+001
  1.9319372e+001  1.1886754e+001
  1.9880309e+001  1.0674015e+001
  2.2435144e+001  7.9329319e+000
  2.1713150e+001  7.9429904e+000
  2.5050206e+001  2.5435895e+000
  1.5379465e+001  1.3027355e+001
  1.8229058e+001  1.3051722e+001
  1.8555324e+001  1.0987279e+001
  2.1122246e+001  1.0053163e+001
  1.5517328e+001  1.3052054e+001
  2.2307190e+001  6.6749262e+000
  1.6447703e+001  1.2498507e+001
  1.6298658e+001  1.5650664e+001
  8.2177418e+000  1.9866162e+001
  2.2063328e+001  7.8695449e+000
  1.9263195e+001  8.8424760e+000
  1.7841521e+001  1.2218790e+001
  1.8474601e+001  1.1528389e+001
  1.3884655e+001  1.6292311e+001
  2.6086401e+001  2.2141040e+000
  1.7053750e+001  1.2319832e+001
  1.6780357e+001  1.3469345e+001
  1.3785242e+001  1.7015410e+001
  1.6550271e+001  1.5763450e+001
  2.3797528e+001  7.0516986e+000
  2.1804692e+001  6.3083061e+000
  2.2445950e+001  5.9826954e+000
  2.0377115e+001  1.1686875e+001
  2.0265827e+001  7.3280438e+000
  2.0485180e+001  7.1193504e+000
  2.7290024e+001  1.8719032e+000
  1.8732588e+001  1.2420587e+001
  1.5237534e+001  1.3509091e+001
  1.2234463e+001  1.5739815e+001
  1.7218784e+001  1.2245497e+001
  1.7977977e+001  1.3239089e+001
  2.0189763e+001  7.2211564e+000
  2.2408009e+001  8.3019156e+000
  1.6041372e+001  1.1919674e+001
  2.0580049e+001  1.1184763e+001
  2.0225318e+001  8.3958039e+000
  1.7733018e+001  1.1071284e+001
  2.3592770e+001  6.9714595e+000
  1.6637182e+001  1.2698363e+001
  2.2044156e+001  9.2320278e+000
  1.9679202e+001  1.1246568e+001
  1.4343955e+001  1.8132081e+001
  2.1022659e+001  8.7587789e+000
  1.5248954e+001  1.2703550e+001
  2.0413288e+001  1.2045191e+001
  1.2401793e+001  1.6955371e+001
  1.6968911e+001  1.2213843e+001
  2.1651650e+001  9.1359576e+000
  2.5499920e+001  7.5750354e+000
  1.9667549e+001  1.3320692e+001
  2.4676120e+001  4.1565568e+000
  2.5218577e+001  3.2575410e+000
  1.5498415e+001  1.2745804e+001
  2.4977033e+001  6.2378710e+000
  2.0300194e+001  7.5890035e+000
  1.5879929e+001  1.2525347e+001
  2.5847324e+001  4.0405762e+000
  2.7300754e+001  3.3530195e+000
  1.8848792e+001  9.7308970e+000
  1.7849344e+001  1.0953225e+001
  2.5379405e+001  4.4141192e+000
  2.0828526e+001  9.0141497e+000
  1.5311885e+001  1.4175078e+001
  2.3436230e+001  8.7373942e+000
  2.3497626e+001  6.5445151e+000
  1.7735742e+001  1.2986227e+001
  1.9593176e+001  1.0920480e+001
  2.0328600e+001  9.1110561e+000
  2.1423722e+001  6.2962154e+000
  1.4875915e+001  1.5942109e+001
  2.3120064e+001  4.4095326e+000
  2.7274115e+001  3.1944294e+000
  2.1612904e+001  9.3466520e+000
  2.0826644e+001  1.0372723e+001
  2.2520073e+001  7.3174160e+000
  1.3533846e+001  1.6343661e+001
  1.9771132e+001  1.2863347e+001
  2.2879417e+001  6.3210698e+000
  2.7911880e+001  4.8955888e+000
  2.0146039e+001  8.9288548e+000
  1.6822593e+001  1.4906720e+001
  2.0880021e+001  9.5975866e+000
  1.5722580e+001  1.2880943e+001
  1.8418163e+001  8.0158369e+000
  2.1905839e+001  7.9500477e+000
  2.1802924e+001  9.4867129e+000
  1.9735021e+001  9.5831050e+000
  2.1670059e+001  8.2335399e+000
  1.7650491e+001  1.2207104e+001
  1.5072001e+001  1.3562789e+001
  1.8809634e+001  1.2324213e+001
  2.4192998e+001  6.8403309e+000
  1.8166571e+001  1.1343567e+001
  2.0276219e+001  7.8655369e+000
  2.1413618e+001  9.8124711e+000
  2.7250850e+001  3.9673063e+000
  1.7574395e+001  1.1916038e+001
  1.8193370e+001  9.8566366e+000
  1.6355411e+001  1.3276588e+001
  1.7509286e+001  1.1011710e+001
  2.2920731e+001  6.0392770e+000
  1.9581641e+001  1.1746949e+001
  1.7201052e+001  1.4023757e+001
  2.1708767e+001  8.3053591e+000
  2.1275028e+001  9.1603201e+000
  2.7979431e+001  2.2953042e+000
  2.3756115e+001  5.1443078e+000
  1.7652059e+001  1.2403557e+001
  1.0935983e+001  1.8369020e+001
  2.3299528e+001  7.5141618e+000
  1.7093260e+001  1.3958779e+001
  1.3669339e+001  1.5740591e+001
  1.6612499e+001  1.3141266e+001
  2.1671631e+001  8.1846832e+000
  1.6442828e+001  1.3563611e+001
  2.3350176e+001  6.4693703e+000
  1.9033605e+001  1.2857918e+001
  2.2469609e+001  7.0019326e+000
  2.6902741e+001  5.2029590e+000
  2.0307923e+001  1.0042114e+001
  2.1050003e+001  9.2399788e+000
  2.1573860e+001  9.1658925e+000
  1.9670099e+001  1.2362285e+001
  1.8368489e+001  1.0671568e+001
  2.2270384e+001  7.3747289e+000
  2.0480101e+001  1.1571563e+001
  2.4551468e+001  5.3936385e+000
  1.5823692e+001  1.2693643e+001
  2.6510065e+001  3.8291925e+000
  2.5062891e+001  6.9868453e+000
  2.4349408e+001  6.7283202e+000
  2.1180603e+001  9.5447572e+000
  1.9563766e+001  1.0309924e+001
  1.8959510e+001  1.2009235e+001
  1.6736880e+001  1.3997004e+001
  1.8767278e+001  1.0528612e+001
  2.6121208e+001  4.2510777e+000
  2.0633144e+001  7.7949577e+000
  1.8169049e+001  1.1891615e+001
  1.1724162e+001  1.8996582e+001
  2.1168833e+001  9.6269548e+000
  1.9366421e+001  1.0614804e+001
  1.9761642e+001  9.3996263e+000
  1.6249433e+001  1.3968607e+001
  1.7180025e+001  1.2335056e+001
  1.9080446e+001  1.0242827e+001
  2.0738749e+001  1.0103438e+001
  1.6510231e+001  1.3367851e+001
  2.7772905e+001  9.2263678e-001
  1.5568846e+001  1.6594236e+001
  1.6340787e+001  1.3654784e+001
  1.7930806e+001  1.1766377e+001
  1.6268438e+001  1.0262242e+001
  1.6101161e+001  1.2352012e+001
  1.5015712e+001  1.6087018e+001
  1.0990031e+001  1.7705677e+001
  1.8790229e+001  1.1297037e+001
  1.8182079e+001  1.4276331e+001
  1.9694132e+001  9.8946519e+000
  2.5024676e+001  5.4224873e+000
  1.7529555e+001  1.1691437e+001
  1.9109899e+001  1.3908913e+001
  2.3574476e+001  7.1957400e+000
  2.0888517e+001  8.8978563e+000
  3.0155349e+001  3.2000350e+000
  2.1145611e+001  8.1224058e+000
  1.7784580e+001  1.2790896e+001
  2.0841025e+001  8.6185135e+000
  1.9872170e+001  1.1285687e+001
  1.1466836e+001  1.7938103e+001
  1.3803909e+001  1.5625989e+001
  2.4818421e+001  5.3891128e+000
  2.2883856e+001  7.7231906e+000
  1.6116455e+001  1.4883259e+001
  1.8209166e+001  1.0362193e+001
  2.0248617e+001  1.0178530e+001
  2.1984510e+001  7.6415140e+000
  1.9119002e+001  1.1320718e+001
  1.5018562e+001  1.5321463e+001
  2.3943344e+001  6.5602750e+000
  1.8777684e+001  9.9514422e+000
  1.3177321e+001  1.4701912e+001
  2.5672963e+001  3.7992516e+000
  2.1829612e+001  7.8518082e+000
  2.0841806e+001  9.9106105e+000
  1.7793403e+001  1.0323283e+001
  1.6745781e+001  1.4392204e+001
  2.0557035e+001  8.3787525e+000
  2.2178815e+001  9.6011743e+000
  2.0389324e+001  8.6041247e+000
  2.0405140e+001  8.5587480e+000
  1.7161970e+001  1.1878600e+001
  1.7970606e+001  1.1667061e+001
  1.8147548e+001  1.0979192e+001
  1.8660328e+001  9.9731913e+000
  1.9730496e+001  9.2002947e+000
  1.9331520e+001  9.2629249e+000
  2.1563081e+001  6.1479662e+000
  2.8582429e+001  1.0759930e-001
  2.8114784e+001  5.4214262e+000
  2.1200538e+001  9.5263312e+000
  2.0163678e+001  9.8217930e+000
  1.4083576e+001  1.4655464e+001
  2.1869062e+001  8.1886230e+000
  1.9995144e+001  7.0551409e+000
  1.7118521e+001  1.1141714e+001
  1.6070652e+001  1.4195381e+001
  2.1155890e+001  4.7388023e+000
  1.4763670e+001  1.3959786e+001
  1.8992544e+001  1.0895715e+001
  1.9986463e+001  8.8900519e+000
  2.0195150e+001  1.0436867e+001
  1.6125116e+001  1.3134596e+001
  2.4587826e+001  4.9587209e+000
  1.5461282e+001  1.2385037e+001
  2.2348248e+001  6.0812219e+000
  2.3192465e+001  1.0673940e+001
  2.1809982e+001  1.0799908e+001
  2.4382878e+001  5.0735422e+000
  2.2514206e+001  8.1983844e+000
  1.7851209e+001  1.1010655e+001
  2.7966638e+001  9.1213072e-001
  1.3632080e+001  1.5578714e+001
  2.4085698e+001  7.2390653e+000
  1.4620287e+001  1.5148612e+001
  2.3229820e+001  6.0412441e+000
  2.8669754e+001  3.2844982e+000
  2.1766827e+001  7.7100715e+000
  2.2006910e+001  8.1235545e+000
  1.5808336e+001  1.2888990e+001
  1.8150364e+001  1.3440668e+001
  1.7831916e+001  1.2952678e+001
  1.8243455e+001  1.3206666e+001
  1.7372385e+001  1.3066879e+001
  2.1007621e+001  9.8399490e+000
  2.3576976e+001  6.4902176e+000
  1.8082944e+001  1.2196442e+001
  1.3112833e+001  1.8042250e+001
  1.9681297e+001  1.0106414e+001
  1.9543922e+001  9.9044795e+000
  1.8474839e+001  1.3496177e+001
  1.9209134e+001  8.5355371e+000
  2.4211729e+001  5.7005062e+000
  1.9702207e+001  1.1564248e+001
  2.1505901e+001  1.0369010e+001
  2.1226219e+001  1.0057197e+001
  1.6652985e+001  1.4450504e+001
  1.8260110e+001  1.0920320e+001
  2.5675745e+001  4.4968334e+000
  2.4831878e+001  7.0690218e+000
  1.8759828e+001  1.0246930e+001
  2.2710759e+001  9.5595673e+000
  2.1582724e+001  9.6774644e+000
  2.4465761e+001  6.1777550e+000
  2.0295498e+001  1.1198217e+001
  1.7213897e+001  1.4575727e+001
  1.5409985e+001  1.4480369e+001
  1.8874526e+001  1.1342320e+001
  2.2606649e+001  6.3314569e+000
  1.9616047e+001  1.0050574e+001
  2.7007747e+001  3.6421061e+000
  1.3308127e+001  1.5365228e+001
  1.8533243e+001  1.0587650e+001
  1.9067552e+001  8.6439081e+000
  1.7345149e+001  9.8946600e+000
  2.3585358e+001  7.8663433e+000
  1.8449656e+001  1.0538104e+001
  1.6998993e+001  1.0169090e+001
  1.2729191e+001  1.8591691e+001
  1.7735558e+001  1.3776520e+001
  2.3636519e+001  7.0460114e+000
  1.9615800e+001  9.6178194e+000
  1.9000404e+001  1.0397638e+001
  1.9396417e+001  1.1453772e+001
  1.6480465e+001  1.3294498e+001
  1.9512459e+001  1.0937286e+001
  2.3563711e+001  7.4678031e+000
  1.6399146e+001  1.4061350e+001
